t dt mgp.i mgp.nrelax mgpf.i mgpf.nrelax mgu.i mgu.nrelax grid->tn perf.t perf.speed npe
0 0.0145597 0 0 0 0 0 0 4096 0 0 1
0.0145597 0.0145597 1 4 1 4 1 4 4096 0.008562 478393 1
0.0543622 0.0398025 1 4 1 4 1 4 4096 0.013371 612669 1
0.10503 0.0506682 1 4 1 4 1 4 4096 0.018729 656095 1
0.165513 0.060482 1 4 1 4 1 4 4096 0.023547 695800 1
0.23484 0.069328 1 4 1 4 1 4 4096 0.027538 743700 1
0.312144 0.0773037 1 4 1 4 1 4 4096 0.031481 780661 1
0.396548 0.0844035 1 4 1 4 1 4 4096 0.035094 817006 1
0.487376 0.0908285 1 4 1 4 1 4 4096 0.038732 846019 1
0.583858 0.0964818 1 4 1 4 1 4 4096 0.042078 876087 1
0.685399 0.101541 1 4 1 4 1 4 4096 0.045304 904114 1
0.791423 0.106023 1 4 1 4 1 4 4096 0.0488 923279 1
0.901469 0.110046 1 4 1 4 1 4 4096 0.051808 948734 1
1.01493 0.113457 1 4 1 4 1 4 4096 0.054771 972193 1
1.13143 0.1165 1 4 1 4 1 4 4096 0.057595 995642 1
1.25052 0.119098 1 4 1 4 1 4 4096 0.060414 1.01698e+06 1
1.37181 0.121285 1 4 1 4 1 4 4096 0.063235 1.03639e+06 1
1.49503 0.123225 1 4 1 4 1 4 4096 0.066027 1.0546e+06 1
1.61981 0.124779 1 4 1 4 1 4 4096 0.068846 1.07091e+06 1
1.74596 0.126144 1 4 1 4 1 4 4096 0.071563 1.08749e+06 1
1.87315 0.127189 1 4 1 4 1 4 4096 0.074199 1.10406e+06 1
2.00116 0.128014 1 4 1 4 1 4 4096 0.076822 1.11968e+06 1
2.12977 0.12861 1 4 1 4 1 4 4096 0.079458 1.13408e+06 1
2.25874 0.128971 1 4 1 4 1 4 4096 0.08213 1.14706e+06 1
2.38795 0.129213 1 4 1 4 1 4 4096 0.084663 1.16112e+06 1
2.51729 0.129335 1 4 1 4 1 4 4096 0.087163 1.17481e+06 1
2.6465 0.129213 1 4 1 4 1 4 4096 0.089745 1.18665e+06 1
2.77439 0.12789 1 4 1 4 1 4 4096 0.092182 1.19971e+06 1
2.90098 0.126592 1 4 1 4 1 4 4096 0.094552 1.21296e+06 1
3.02642 0.125434 1 4 1 4 1 4 4096 0.096922 1.22556e+06 1
3.15071 0.124295 1 4 1 4 1 4 4096 0.099276 1.23776e+06 1
3.27389 0.123177 1 4 1 4 1 4 4096 0.101579 1.25002e+06 1
3.39597 0.122077 1 4 1 4 1 4 4096 0.104117 1.25889e+06 1
3.51686 0.120889 1 4 1 4 1 4 4096 0.106488 1.26933e+06 1
3.63668 0.119827 1 4 1 4 1 4 4096 0.108782 1.28021e+06 1
3.75547 0.118783 1 4 1 4 1 4 4096 0.111036 1.29111e+06 1
3.87322 0.117757 1 4 1 4 1 4 4096 0.113295 1.30152e+06 1
3.98987 0.116647 1 4 1 4 1 4 4096 0.115704 1.30983e+06 1
4.10552 0.115655 1 4 1 4 1 4 4096 0.117937 1.31976e+06 1
4.2202 0.114679 1 4 1 4 1 4 4096 0.120121 1.32986e+06 1
4.33383 0.113623 1 4 1 4 1 4 4096 0.122341 1.33921e+06 1
4.44651 0.11268 1 4 1 4 1 4 4096 0.124601 1.34779e+06 1
4.55816 0.111659 1 4 1 4 1 4 4096 0.126826 1.35644e+06 1
4.66882 0.110655 1 4 1 4 1 4 4096 0.129036 1.36495e+06 1
4.77849 0.109669 1 4 1 4 1 4 4096 0.131324 1.37236e+06 1
4.88719 0.108699 1 4 1 4 1 4 4096 0.133522 1.38045e+06 1
4.99493 0.107745 1 4 1 4 1 4 4096 0.135699 1.38848e+06 1
5.10174 0.106808 1 4 1 4 1 4 4096 0.137908 1.39595e+06 1
5.20771 0.105969 1 4 1 4 1 4 4096 0.140131 1.40303e+06 1
5.31277 0.10506 1 4 1 4 1 4 4096 0.142365 1.40978e+06 1
5.41694 0.104166 1 4 1 4 1 4 4096 0.144591 1.41641e+06 1
5.52022 0.103287 1 4 1 4 1 4 4096 0.146832 1.42269e+06 1
5.62264 0.102422 1 4 1 4 1 4 4096 0.149136 1.42817e+06 1
5.72429 0.101647 1 4 1 4 1 4 4096 0.151329 1.43454e+06 1
5.82518 0.100883 1 4 1 4 1 4 4096 0.153559 1.44038e+06 1
5.92523 0.100056 1 4 1 4 1 4 4096 0.155765 1.44628e+06 1
6.02455 0.0993146 1 4 1 4 1 4 4096 0.15795 1.45221e+06 1
6.12313 0.0985839 1 4 1 4 1 4 4096 0.160177 1.45759e+06 1
6.22099 0.0978632 1 4 1 4 1 4 4096 0.162395 1.4629e+06 1
6.31815 0.0971525 1 4 1 4 1 4 4096 0.164756 1.4668e+06 1
6.41453 0.096382 1 4 1 4 1 4 4096 0.167068 1.47102e+06 1
6.51022 0.0956916 1 4 1 4 1 4 4096 0.169274 1.47604e+06 1
6.60523 0.0950105 1 4 1 4 1 4 4096 0.171461 1.48111e+06 1
6.69957 0.0943386 1 4 1 4 1 4 4096 0.173644 1.48607e+06 1
6.79318 0.0936099 1 4 1 4 1 4 4096 0.175819 1.49099e+06 1
6.88613 0.0929566 1 4 1 4 1 4 4096 0.177984 1.49586e+06 1
6.97838 0.092248 1 4 1 4 1 4 4096 0.180209 1.50012e+06 1
7.07 0.0916127 1 4 1 4 1 4 4096 0.182377 1.50475e+06 1
7.16092 0.0909234 1 4 1 4 1 4 4096 0.184565 1.50911e+06 1
7.25122 0.0903053 1 4 1 4 1 4 4096 0.186745 1.51342e+06 1
7.34086 0.0896346 1 4 1 4 1 4 4096 0.188974 1.51725e+06 1
7.42989 0.089033 1 4 1 4 1 4 4096 0.191138 1.5215e+06 1
7.51827 0.0883801 1 4 1 4 1 4 4096 0.193325 1.52547e+06 1
7.60601 0.0877362 1 4 1 4 1 4 4096 0.195509 1.52938e+06 1
7.69317 0.0871587 1 4 1 4 1 4 4096 0.197866 1.53186e+06 1
7.7797 0.0865316 1 4 1 4 1 4 4096 0.200266 1.53396e+06 1
7.86561 0.0859131 1 4 1 4 1 4 4096 0.202633 1.53626e+06 1
7.95097 0.0853581 1 4 1 4 1 4 4096 0.205001 1.53849e+06 1
8.03572 0.0847555 1 4 1 4 1 4 4096 0.20746 1.54e+06 1
8.11994 0.0842146 1 4 1 4 1 4 4096 0.209842 1.54204e+06 1
8.20357 0.0836272 1 4 1 4 1 4 4096 0.212082 1.54506e+06 1
8.28667 0.0830999 1 4 1 4 1 4 4096 0.214344 1.54787e+06 1
8.36919 0.0825272 1 4 1 4 1 4 4096 0.216604 1.55063e+06 1
8.45121 0.082013 1 4 1 4 1 4 4096 0.219236 1.55069e+06 1
8.53271 0.0815048 1 4 1 4 1 4 4096 0.221668 1.55216e+06 1
8.61371 0.0810026 1 4 1 4 1 4 4096 0.223988 1.55437e+06 1
8.69422 0.0805063 1 4 1 4 1 4 4096 0.226474 1.55539e+06 1
8.77424 0.0800157 1 4 1 4 1 4 4096 0.22878 1.55762e+06 1
8.85381 0.079579 1 4 1 4 1 4 4096 0.231138 1.55945e+06 1
8.93291 0.079099 1 4 1 4 1 4 4096 0.233381 1.56201e+06 1
9.01154 0.0786245 1 4 1 4 1 4 4096 0.235602 1.56467e+06 1
9.08974 0.0782021 1 4 1 4 1 4 4096 0.237813 1.56735e+06 1
9.16748 0.0777377 1 4 1 4 1 4 4096 0.240203 1.56881e+06 1
9.2448 0.0773242 1 4 1 4 1 4 4096 0.242533 1.57062e+06 1
9.32172 0.0769148 1 4 1 4 1 4 4096 0.244764 1.57304e+06 1
9.39823 0.0765095 1 4 1 4 1 4 4096 0.247057 1.57502e+06 1
9.47434 0.0761083 1 4 1 4 1 4 4096 0.249445 1.57636e+06 1
9.55005 0.0757109 1 4 1 4 1 4 4096 0.251665 1.57873e+06 1
9.62541 0.075361 1 4 1 4 1 4 4096 0.253839 1.58135e+06 1
9.70042 0.0750142 1 4 1 4 1 4 4096 0.256162 1.583e+06 1
9.77509 0.0746702 1 4 1 4 1 4 4096 0.258549 1.58423e+06 1
9.84938 0.0742869 1 4 1 4 1 4 4096 0.260779 1.58639e+06 1
9.92329 0.0739072 1 4 1 4 1 4 4096 0.263062 1.58819e+06 1
9.99682 0.0735312 1 4 1 4 1 4 4096 0.26541 1.58957e+06 1
10.0699 0.0731177 1 4 1 4 1 4 4096 0.267614 1.59179e+06 1
10.1426 0.0726678 1 4 1 4 1 4 4096 0.269794 1.59411e+06 1
10.2149 0.0722634 1 4 1 4 1 4 4096 0.272046 1.59597e+06 1
10.2867 0.0718633 1 4 1 4 1 4 4096 0.27433 1.59761e+06 1
10.3582 0.0714674 1 4 1 4 1 4 4096 0.27658 1.59942e+06 1
10.4293 0.0710756 1 4 1 4 1 4 4096 0.278832 1.60119e+06 1
10.5 0.0706878 1 4 1 4 1 4 4096 0.281168 1.60246e+06 1
10.5703 0.070304 1 4 1 4 1 4 4096 0.283509 1.60367e+06 1
10.6402 0.0699242 1 4 1 4 1 4 4096 0.285736 1.60551e+06 1
10.7097 0.0695483 1 4 1 4 1 4 4096 0.287983 1.60721e+06 1
10.7789 0.0692132 1 4 1 4 1 4 4096 0.290341 1.60826e+06 1
10.8478 0.0688445 1 4 1 4 1 4 4096 0.29259 1.6099e+06 1
10.9163 0.0684794 1 4 1 4 1 4 4096 0.294823 1.6116e+06 1
10.9844 0.0681181 1 4 1 4 1 4 4096 0.297128 1.61288e+06 1
11.0522 0.0677959 1 4 1 4 1 4 4096 0.299469 1.61395e+06 1
11.1196 0.0674413 1 4 1 4 1 4 4096 0.301706 1.61556e+06 1
11.1867 0.0670903 1 4 1 4 1 4 4096 0.303952 1.6171e+06 1
11.2533 0.0666046 1 4 1 4 1 4 4096 0.306307 1.61804e+06 1
11.3195 0.0661596 1 4 1 4 1 4 4096 0.308651 1.61902e+06 1
11.3852 0.0656868 1 4 1 4 1 4 4096 0.310884 1.62057e+06 1
11.4504 0.0652536 1 4 1 4 1 4 4096 0.31315 1.62192e+06 1
11.5152 0.0648258 1 4 1 4 1 4 4096 0.31549 1.62287e+06 1
11.5796 0.0643711 1 4 1 4 1 4 4096 0.317791 1.62401e+06 1
11.6436 0.0639544 1 4 1 4 1 4 4096 0.32 1.6256e+06 1
11.7071 0.0635428 1 4 1 4 1 4 4096 0.322323 1.62659e+06 1
11.7703 0.0631673 1 4 1 4 1 4 4096 0.324687 1.62736e+06 1
11.8331 0.0627654 1 4 1 4 1 4 4096 0.326931 1.62872e+06 1
11.8954 0.0623987 1 4 1 4 1 4 4096 0.329169 1.63009e+06 1
11.9575 0.0620361 1 4 1 4 1 4 4096 0.331498 1.631e+06 1
12.0192 0.0617072 1 4 1 4 1 4 4096 0.333851 1.63177e+06 1
12.0805 0.0613523 1 4 1 4 1 4 4096 0.336066 1.6332e+06 1
12.1416 0.0610303 1 4 1 4 1 4 4096 0.338312 1.63447e+06 1
12.2023 0.0606827 1 4 1 4 1 4 4096 0.340754 1.63477e+06 1
12.2626 0.0603674 1 4 1 4 1 4 4096 0.343042 1.63581e+06 1
12.3227 0.060027 1 4 1 4 1 4 4096 0.345278 1.63708e+06 1
12.3824 0.0597181 1 4 1 4 1 4 4096 0.347634 1.63777e+06 1
12.4418 0.0594123 1 4 1 4 1 4 4096 0.350012 1.63834e+06 1
12.5009 0.0591095 1 4 1 4 1 4 4096 0.352226 1.63967e+06 1
12.5597 0.0588096 1 4 1 4 1 4 4096 0.35442 1.64108e+06 1
12.6182 0.0585125 1 4 1 4 1 4 4096 0.356703 1.64206e+06 1
12.6765 0.058245 1 4 1 4 1 4 4096 0.359033 1.64281e+06 1
12.7344 0.0579798 1 4 1 4 1 4 4096 0.361256 1.64404e+06 1
12.7921 0.0576906 1 4 1 4 1 4 4096 0.363533 1.64501e+06 1
12.8496 0.0574302 1 4 1 4 1 4 4096 0.365832 1.64587e+06 1
12.9067 0.057172 1 4 1 4 1 4 4096 0.368046 1.6471e+06 1
12.9636 0.0569159 1 4 1 4 1 4 4096 0.370249 1.64836e+06 1
13.0203 0.0566621 1 4 1 4 1 4 4096 0.372606 1.64893e+06 1
13.0767 0.0564103 1 4 1 4 1 4 4096 0.374943 1.64957e+06 1
13.1329 0.0561607 1 4 1 4 1 4 4096 0.377209 1.65052e+06 1
13.1888 0.0559132 1 4 1 4 1 4 4096 0.379427 1.65167e+06 1
13.2445 0.0556922 1 4 1 4 1 4 4096 0.3818 1.65213e+06 1
13.3 0.0554729 1 4 1 4 1 4 4096 0.384132 1.65277e+06 1
13.3552 0.0552793 1 4 1 4 1 4 4096 0.386406 1.65364e+06 1
13.4103 0.0550869 1 4 1 4 1 4 4096 0.388701 1.65441e+06 1
13.4652 0.0549196 1 4 1 4 1 4 4096 0.391014 1.6551e+06 1
13.52 0.0547532 1 4 1 4 1 4 4096 0.393268 1.65603e+06 1
13.5746 0.0545878 1 4 1 4 1 4 4096 0.395501 1.65704e+06 1
13.629 0.0544468 1 4 1 4 1 4 4096 0.397873 1.65745e+06 1
13.6834 0.0543297 1 4 1 4 1 4 4096 0.400189 1.6581e+06 1
13.7376 0.0542364 1 4 1 4 1 4 4096 0.402401 1.65916e+06 1
13.7918 0.0541666 1 4 1 4 1 4 4096 0.404675 1.65996e+06 1
13.8459 0.0541202 1 4 1 4 1 4 4096 0.407022 1.66045e+06 1
13.9 0.0541202 1 4 1 4 1 4 4096 0.40931 1.66118e+06 1
13.9541 0.0541202 1 4 1 4 1 4 4096 0.411544 1.66211e+06 1
14.0082 0.0541202 2 3 1 4 1 4 4096 0.414066 1.66188e+06 1
14.0624 0.0541202 2 2 1 4 1 4 4096 0.416487 1.66205e+06 1
14.1165 0.0540969 2 2 1 4 1 4 4096 0.418836 1.66251e+06 1
14.1704 0.0539809 2 2 1 4 1 4 4096 0.421174 1.66301e+06 1
14.2242 0.0537733 2 2 1 4 1 4 4096 0.423452 1.66374e+06 1
14.2777 0.0534988 2 2 1 4 1 4 4096 0.425882 1.66386e+06 1
14.331 0.0532496 2 2 1 4 1 4 4096 0.428214 1.66436e+06 1
14.384 0.0530249 2 2 1 4 1 4 4096 0.430644 1.66448e+06 1
14.4368 0.052802 2 2 1 4 1 4 4096 0.433045 1.66471e+06 1
14.4894 0.052625 2 2 1 4 1 4 4096 0.435393 1.66514e+06 1
14.5419 0.0524491 2 2 1 4 1 4 4096 0.437745 1.66555e+06 1
14.5942 0.052296 2 2 1 4 1 4 4096 0.44018 1.66565e+06 1
14.6462 0.052014 2 2 1 4 1 4 4096 0.442544 1.666e+06 1
14.6979 0.0517136 2 2 1 4 1 4 4096 0.444889 1.66643e+06 1
14.7493 0.0514376 2 2 1 4 1 4 4096 0.447309 1.66657e+06 1
14.8005 0.0512063 2 2 1 4 1 4 4096 0.4498 1.66645e+06 1
14.8515 0.050977 2 2 1 4 1 4 4096 0.45219 1.6667e+06 1
14.9023 0.050832 2 2 1 4 1 4 4096 0.454563 1.66701e+06 1
14.9531 0.0507496 2 2 1 4 1 4 4096 0.457007 1.66706e+06 1
15.0035 0.0504018 2 2 1 4 1 4 4096 0.459345 1.66749e+06 1
15.0533 0.0497598 2 2 1 4 1 4 4096 0.461635 1.66809e+06 1
15.1026 0.0493081 2 2 1 4 1 4 4096 0.46409 1.66809e+06 1
15.1516 0.0489986 2 2 1 4 1 4 4096 0.46645 1.66843e+06 1
15.2001 0.0485603 2 2 1 4 1 4 4096 0.46876 1.66895e+06 1
15.2483 0.0482039 2 2 1 4 1 4 4096 0.471092 1.66938e+06 1
15.2964 0.0480739 2 2 1 4 1 4 4096 0.473424 1.66981e+06 1
15.3445 0.0480739 2 2 1 4 1 4 4096 0.475772 1.67018e+06 1
15.3925 0.0479813 2 2 1 4 1 4 4096 0.478096 1.67063e+06 1
15.4404 0.0479444 2 2 1 4 1 4 4096 0.480499 1.6708e+06 1
15.4882 0.0478339 2 2 1 4 1 4 4096 0.482988 1.67067e+06 1
15.536 0.0477606 2 2 1 4 1 4 4096 0.485397 1.67081e+06 1
15.5834 0.0473968 3 2 1 4 1 4 4096 0.487938 1.67051e+06 1
15.6305 0.0471275 2 2 2 3 1 4 4096 0.490591 1.66982e+06 1
15.6775 0.0469851 3 2 2 2 1 4 4096 0.493168 1.6694e+06 1
15.7244 0.0468611 3 2 2 2 1 4 4096 0.49572 1.66907e+06 1
15.7712 0.0468258 3 2 2 2 1 4 4096 0.498257 1.66879e+06 1
15.818 0.0468258 3 2 2 2 1 4 4096 0.500871 1.66826e+06 1
15.8648 0.0468258 2 2 2 2 1 4 4096 0.503302 1.66834e+06 1
15.9117 0.0468435 3 2 2 2 1 4 4096 0.505896 1.66788e+06 1
15.9583 0.0466497 3 2 2 2 1 4 4096 0.508518 1.66734e+06 1
16.0048 0.0464402 3 2 2 2 1 4 4096 0.511097 1.66694e+06 1
16.0511 0.0463187 3 2 2 2 1 4 4096 0.513772 1.66623e+06 1
16.0974 0.046336 3 2 2 2 1 4 4096 0.516352 1.66584e+06 1
16.1438 0.0463534 3 2 2 2 1 4 4096 0.518935 1.66544e+06 1
16.1898 0.0459748 3 2 2 2 1 4 4096 0.521559 1.66492e+06 1
16.2355 0.0457202 3 2 3 2 1 4 4096 0.524248 1.66419e+06 1
16.2812 0.0457371 3 2 2 2 1 4 4096 0.526925 1.66351e+06 1
16.327 0.0457879 3 2 3 2 1 4 4096 0.529611 1.66281e+06 1
16.3729 0.0458728 3 2 2 2 1 4 4096 0.532202 1.66241e+06 1
16.4189 0.0459751 3 2 2 2 1 4 4096 0.534984 1.66142e+06 1
16.4649 0.046078 2 2 2 2 1 4 4096 0.537455 1.6614e+06 1
16.5111 0.0461813 3 2 2 2 1 4 4096 0.540084 1.6609e+06 1
16.5574 0.0463199 3 2 2 2 1 4 4096 0.54268 1.6605e+06 1
16.6038 0.046407 3 2 2 2 1 4 4096 0.545216 1.66029e+06 1
16.6503 0.0464594 3 2 2 2 1 4 4096 0.547861 1.65975e+06 1
16.6968 0.0464594 3 2 2 2 1 4 4096 0.550512 1.6592e+06 1
16.7429 0.0461637 2 2 2 2 1 4 4096 0.552939 1.65932e+06 1
16.7888 0.0459229 2 2 2 2 1 4 4096 0.555416 1.6593e+06 1
16.8346 0.0457694 2 2 2 2 1 4 4096 0.557821 1.65949e+06 1
16.8803 0.0457184 2 2 2 2 1 4 4096 0.560241 1.65963e+06 1
16.926 0.0457184 2 2 2 2 1 4 4096 0.562686 1.6597e+06 1
16.9718 0.0457354 2 2 2 2 1 4 4096 0.565162 1.65967e+06 1
17.0176 0.0457694 2 2 2 2 1 4 4096 0.567568 1.65985e+06 1
17.0634 0.0458206 3 2 2 2 1 4 4096 0.570154 1.65951e+06 1
17.1093 0.0459233 3 2 2 2 1 4 4096 0.572749 1.65914e+06 1
17.1554 0.046061 3 2 2 2 1 4 4096 0.575393 1.65864e+06 1
17.2016 0.0462692 3 2 2 2 1 4 4096 0.577975 1.65831e+06 1
17.2482 0.0465322 3 2 2 2 1 4 4096 0.580613 1.65783e+06 1
17.295 0.0467983 3 2 2 2 1 4 4096 0.583287 1.65726e+06 1
17.342 0.0469954 3 2 2 2 1 4 4096 0.585874 1.65693e+06 1
17.3891 0.047158 3 2 2 2 1 4 4096 0.588474 1.65657e+06 1
17.4364 0.0472853 3 2 2 2 1 4 4096 0.591136 1.65604e+06 1
17.4838 0.0474134 3 2 2 2 1 4 4096 0.593754 1.65564e+06 1
17.5314 0.0475422 3 2 2 2 1 4 4096 0.596395 1.65517e+06 1
17.5791 0.0477089 3 2 2 2 1 4 4096 0.59903 1.65473e+06 1
17.627 0.0478955 3 2 2 2 1 4 4096 0.601615 1.65443e+06 1
17.6751 0.0481215 3 2 2 2 1 4 4096 0.604209 1.6541e+06 1
17.7235 0.0484455 3 2 2 2 1 4 4096 0.606837 1.65369e+06 1
17.7722 0.0487157 3 2 2 2 1 4 4096 0.609458 1.6533e+06 1
17.8212 0.0489498 3 2 2 2 1 4 4096 0.612107 1.65284e+06 1
17.8704 0.0491863 3 2 2 2 1 4 4096 0.614785 1.6523e+06 1
17.9197 0.0493453 3 2 3 2 1 4 4096 0.617631 1.65132e+06 1
17.9691 0.0494252 3 2 2 2 1 4 4096 0.620299 1.65082e+06 1
18.0187 0.0495255 3 2 2 2 1 4 4096 0.622927 1.65043e+06 1
18.0684 0.0496869 3 2 2 2 1 4 4096 0.625542 1.65008e+06 1
18.1182 0.0498494 3 2 2 2 1 4 4096 0.628154 1.64974e+06 1
18.1682 0.0499516 3 2 3 2 1 4 4096 0.630925 1.64898e+06 1
18.2183 0.0500953 3 2 3 2 1 4 4096 0.633798 1.64797e+06 1
18.2685 0.0502815 3 2 3 2 1 4 4096 0.636674 1.64696e+06 1
18.3189 0.0504064 3 2 2 2 1 4 4096 0.639339 1.6465e+06 1
18.3695 0.050532 3 2 3 2 1 4 4096 0.642211 1.64552e+06 1
18.4201 0.0506583 3 2 2 2 1 4 4096 0.644882 1.64505e+06 1
18.4709 0.0507852 3 2 2 2 1 4 4096 0.64765 1.64434e+06 1
18.5219 0.050977 3 2 2 2 1 4 4096 0.650347 1.64382e+06 1
18.5731 0.051235 3 2 3 2 1 4 4096 0.653167 1.643e+06 1
18.6246 0.0514957 3 2 3 2 1 4 4096 0.656034 1.64206e+06 1
18.6763 0.0516491 3 2 3 2 1 4 4096 0.658822 1.64133e+06 1
18.7281 0.0518256 3 2 3 2 1 4 4096 0.661647 1.64051e+06 1
18.7801 0.0520034 3 2 3 2 1 4 4096 0.66454 1.63953e+06 1
18.8324 0.0522725 3 2 3 2 1 4 4096 0.667358 1.63875e+06 1
18.885 0.052613 3 2 3 2 1 4 4096 0.670145 1.63805e+06 1
18.9379 0.0529349 3 2 3 2 1 4 4096 0.672977 1.63724e+06 1
18.9912 0.0533078 3 2 3 2 1 4 4096 0.675781 1.63651e+06 1
19.045 0.0537578 3 2 3 2 1 4 4096 0.678576 1.6358e+06 1
19.0993 0.0542642 3 2 3 2 1 4 4096 0.68139 1.63506e+06 1
19.1538 0.0545335 3 2 3 2 1 4 4096 0.684234 1.63425e+06 1
19.2084 0.0546568 3 2 3 2 1 4 4096 0.68701 1.63361e+06 1
19.2627 0.054264 3 2 3 2 1 4 4096 0.689863 1.63279e+06 1
19.3168 0.054118 3 2 3 2 1 4 4096 0.692694 1.63203e+06 1
19.3711 0.054264 3 2 3 2 1 4 4096 0.695469 1.63141e+06 1
19.4256 0.0545092 3 2 3 2 1 4 4096 0.698354 1.63053e+06 1
19.4804 0.0548315 3 2 3 2 1 4 4096 0.701157 1.62985e+06 1
19.5358 0.055335 3 2 3 2 1 4 4096 0.704147 1.62875e+06 1
19.5918 0.0560299 3 2 3 2 1 4 4096 0.707267 1.62736e+06 1
19.6485 0.0566627 3 2 3 2 1 4 4096 0.710178 1.62645e+06 1
19.7058 0.0573103 3 2 2 2 1 4 4096 0.712863 1.62607e+06 1
19.7638 0.0580291 3 2 3 2 1 4 4096 0.71575 1.62524e+06 1
19.8226 0.0587665 3 2 2 2 1 4 4096 0.718434 1.62487e+06 1
19.8819 0.0593762 3 2 3 2 1 4 4096 0.721217 1.62428e+06 1
19.9418 0.0598794 4 2 3 2 1 4 4096 0.724142 1.62337e+06 1
20.0021 0.0603004 3 2 3 2 1 4 4096 0.726971 1.62269e+06 1
20.0627 0.060605 4 2 3 2 1 4 4096 0.730001 1.62156e+06 1
20.1235 0.0608201 3 2 3 2 1 4 4096 0.732862 1.62082e+06 1
20.1846 0.061068 3 2 3 2 1 4 4096 0.735631 1.62029e+06 1
20.2459 0.0612866 3 2 3 2 1 4 4096 0.738485 1.61958e+06 1
20.3074 0.061507 3 2 3 2 1 4 4096 0.741483 1.61855e+06 1
20.3692 0.0617928 3 2 3 2 1 4 4096 0.744398 1.61772e+06 1
20.4314 0.0622105 3 2 3 2 1 4 4096 0.74726 1.617e+06 1
20.4941 0.0626998 3 2 3 2 1 4 4096 0.750168 1.61619e+06 1
20.5575 0.0633647 3 2 2 2 1 4 4096 0.752814 1.61595e+06 1
20.6217 0.0642164 3 2 3 2 1 4 4096 0.755717 1.61517e+06 1
20.6867 0.0650209 3 2 3 2 1 4 4096 0.758557 1.61452e+06 1
20.7524 0.0657373 3 2 3 2 1 4 4096 0.761367 1.61394e+06 1
20.8189 0.0664702 3 2 2 2 1 4 4096 0.764111 1.6135e+06 1
20.8861 0.06722 3 2 3 2 1 4 4096 0.766916 1.61294e+06 1
20.9541 0.0679874 3 2 3 2 1 4 4096 0.769699 1.61243e+06 1
21.0229 0.0688126 3 2 3 2 1 4 4096 0.772521 1.61184e+06 1
21.0926 0.0696587 3 2 3 2 1 4 4096 0.775376 1.61119e+06 1
21.1632 0.0705682 3 2 3 2 1 4 4096 0.778252 1.6105e+06 1
21.2347 0.0715454 3 2 3 2 1 4 4096 0.781095 1.60988e+06 1
21.3072 0.072462 3 2 3 2 1 4 4096 0.784036 1.60907e+06 1
21.3803 0.0731317 3 2 3 2 1 4 4096 0.786862 1.6085e+06 1
21.454 0.0736768 3 2 3 2 1 4 4096 0.789761 1.60778e+06 1
21.5281 0.0741376 3 2 2 2 1 4 4096 0.79258 1.60723e+06 1
21.6028 0.0746515 3 2 2 2 1 4 4096 0.795273 1.60693e+06 1
21.6779 0.0751251 3 2 3 2 1 4 4096 0.798174 1.60623e+06 1
21.7534 0.0754605 3 2 3 2 1 4 4096 0.800979 1.60572e+06 1
21.8291 0.0757021 3 2 2 2 1 4 4096 0.803634 1.60551e+06 1
21.9051 0.0759942 3 2 3 2 1 4 4096 0.806465 1.60495e+06 1
21.9814 0.0763874 3 2 3 2 1 4 4096 0.80933 1.60433e+06 1
22.0584 0.0769352 3 2 3 2 1 4 4096 0.812177 1.60375e+06 1
22.1361 0.0776954 3 2 2 2 1 4 4096 0.81496 1.6033e+06 1
22.2142 0.0781073 3 2 2 2 1 4 4096 0.817601 1.60313e+06 1
22.2927 0.0784716 3 2 3 2 1 4 4096 0.820382 1.60269e+06 1
22.3715 0.0788923 3 2 3 2 1 4 4096 0.823236 1.60211e+06 1
22.451 0.0794787 3 2 3 2 1 4 4096 0.826068 1.60157e+06 1
22.5315 0.080513 3 2 3 2 1 4 4096 0.828912 1.60102e+06 1
22.6133 0.0818026 3 2 2 2 1 4 4096 0.831626 1.60072e+06 1
22.6965 0.083135 3 2 3 2 1 4 4096 0.834445 1.60022e+06 1
22.7808 0.0843304 3 2 3 2 1 4 4096 0.837278 1.5997e+06 1
22.8665 0.0856865 3 2 2 2 1 4 4096 0.840085 1.59923e+06 1
22.954 0.0874784 3 2 3 2 1 4 4096 0.843009 1.59854e+06 1
23.0432 0.0892119 3 2 3 2 1 4 4096 0.84585 1.59801e+06 1
23.1339 0.0907345 3 2 3 2 1 4 4096 0.848789 1.59731e+06 1
23.2259 0.0920205 3 2 3 2 1 4 4096 0.851672 1.59671e+06 1
23.3192 0.09327 3 2 3 2 1 4 4096 0.854545 1.59613e+06 1
23.4134 0.0941734 3 2 3 2 1 4 4096 0.857385 1.59562e+06 1
23.5083 0.0949402 3 2 3 2 1 4 4096 0.860263 1.59505e+06 1
23.6038 0.095485 3 2 3 2 1 4 4096 0.863116 1.59452e+06 1
23.6997 0.0958783 3 2 3 2 1 4 4096 0.86599 1.59396e+06 1
23.7959 0.0961955 3 2 3 2 1 4 4096 0.868795 1.59353e+06 1
23.8924 0.0965151 3 2 3 2 1 4 4096 0.871641 1.59302e+06 1
23.9893 0.0969179 3 2 3 2 1 4 4096 0.874455 1.59258e+06 1
24.0867 0.0974061 3 2 3 2 1 4 4096 0.877343 1.59201e+06 1
24.1847 0.0979825 3 2 2 2 1 4 4096 0.880031 1.5918e+06 1
24.2836 0.0989029 3 2 3 2 1 4 4096 0.882989 1.5911e+06 1
24.3836 0.100014 3 2 3 2 1 4 4096 0.885807 1.59067e+06 1
24.485 0.101418 3 2 3 2 1 4 4096 0.888639 1.59021e+06 1
24.5876 0.102589 3 2 3 2 1 4 4096 0.891436 1.58981e+06 1
24.6908 0.103139 3 2 3 2 1 4 4096 0.894242 1.5894e+06 1
24.7942 0.103416 4 2 3 2 1 4 4096 0.897266 1.58861e+06 1
24.898 0.103789 4 2 3 2 1 4 4096 0.900262 1.58788e+06 1
25.0023 0.104354 4 2 3 2 1 4 4096 0.903196 1.58725e+06 1
25.1073 0.105021 4 2 3 2 1 4 4096 0.90615 1.5866e+06 1
25.2128 0.105503 4 2 3 2 1 4 4096 0.909079 1.58599e+06 1
25.319 0.106186 3 2 2 2 1 4 4096 0.911719 1.58589e+06 1
25.4263 0.107279 3 2 3 2 1 4 4096 0.914578 1.58541e+06 1
25.5348 0.108498 3 2 3 2 1 4 4096 0.917411 1.58498e+06 1
25.644 0.109223 3 2 3 2 1 4 4096 0.920335 1.5844e+06 1
25.7539 0.109852 3 2 3 2 1 4 4096 0.923304 1.58374e+06 1
25.8639 0.110064 3 2 2 2 1 4 4096 0.926083 1.58341e+06 1
25.9741 0.11017 3 2 2 2 1 4 4096 0.928699 1.58336e+06 1
26.0823 0.108184 3 2 2 2 1 4 4096 0.931401 1.58316e+06 1
26.1861 0.103845 3 2 2 2 1 4 4096 0.93409 1.58299e+06 1
26.2879 0.10171 3 2 2 2 1 4 4096 0.936759 1.58285e+06 1
26.3884 0.100541 3 2 2 2 1 4 4096 0.939472 1.58264e+06 1
26.4868 0.0984503 3 2 2 2 1 4 4096 0.942166 1.58246e+06 1
26.5852 0.098365 3 2 2 2 1 4 4096 0.944843 1.58232e+06 1
26.6837 0.0984503 3 2 2 2 1 4 4096 0.94774 1.5818e+06 1
26.7824 0.0987076 3 2 3 2 1 4 4096 0.950721 1.58115e+06 1
26.8816 0.0992267 3 2 2 2 1 4 4096 0.953425 1.58096e+06 1
26.9812 0.0995761 3 2 2 2 1 4 4096 0.956115 1.5808e+06 1
27.0814 0.100194 2 2 2 2 1 4 4096 0.958659 1.58087e+06 1
27.1822 0.10082 2 2 2 2 1 4 4096 0.961233 1.5809e+06 1
27.284 0.101821 2 2 2 2 1 4 4096 0.963787 1.58096e+06 1
27.3871 0.103125 2 2 2 2 1 4 4096 0.966251 1.58117e+06 1
27.492 0.104854 3 2 3 2 1 4 4096 0.969052 1.58083e+06 1
27.599 0.107049 3 2 2 2 1 4 4096 0.971687 1.58076e+06 1
27.7087 0.109659 3 2 2 2 1 4 4096 0.97436 1.58062e+06 1
27.8214 0.112742 3 2 2 2 1 4 4096 0.977022 1.58051e+06 1
27.937 0.115529 3 2 3 2 1 4 4096 0.979865 1.5801e+06 1
28.0549 0.117961 3 2 3 2 1 4 4096 0.982716 1.57969e+06 1
28.175 0.120113 3 2 2 2 1 4 4096 0.985406 1.57953e+06 1
28.297 0.121947 4 2 2 2 1 4 4096 0.988259 1.57912e+06 1
28.4205 0.123565 4 2 3 2 1 4 4096 0.99126 1.57847e+06 1
28.5456 0.125089 4 2 3 2 1 4 4096 0.994217 1.57789e+06 1
28.6723 0.126653 4 2 3 2 1 4 4096 0.997274 1.57716e+06 1
28.8004 0.12811 3 2 3 2 1 4 4096 1.00014 1.57674e+06 1
28.93 0.129603 3 2 3 2 1 4 4096 1.00294 1.57642e+06 1
29.0611 0.131133 3 2 3 2 1 4 4096 1.00578 1.57604e+06 1
29.194 0.132861 3 2 3 2 1 4 4096 1.00869 1.57555e+06 1
29.3286 0.134637 3 2 3 2 1 4 4096 1.01157 1.57513e+06 1
29.4653 0.136631 3 2 3 2 1 4 4096 1.01446 1.57466e+06 1
29.6045 0.139213 3 2 2 2 1 4 4096 1.0172 1.57445e+06 1
29.746 0.141533 3 2 2 2 1 4 4096 1.01989 1.57431e+06 1
29.8896 0.14356 3 2 3 2 1 4 4096 1.02285 1.57377e+06 1
30.035 0.145456 3 2 3 2 1 4 4096 1.02564 1.57347e+06 1
30.1824 0.147406 3 2 3 2 1 4 4096 1.02848 1.57312e+06 1
30.3323 0.149819 3 2 3 2 1 4 4096 1.0313 1.57279e+06 1
30.4839 0.151684 3 2 3 2 1 4 4096 1.03414 1.57243e+06 1
30.6371 0.153169 3 2 2 2 1 4 4096 1.03686 1.57226e+06 1
30.7916 0.154467 3 2 3 2 1 4 4096 1.03978 1.57178e+06 1
30.9476 0.156012 3 2 3 2 1 4 4096 1.04262 1.57143e+06 1
31.1054 0.157818 3 2 3 2 1 4 4096 1.04546 1.57107e+06 1
31.2651 0.159669 3 2 3 2 1 4 4096 1.04841 1.57057e+06 1
31.4264 0.161328 3 2 3 2 1 4 4096 1.05153 1.56979e+06 1
31.5897 0.163269 3 2 3 2 1 4 4096 1.05438 1.56944e+06 1
31.7547 0.165008 3 2 3 2 1 4 4096 1.05722 1.5691e+06 1
31.9215 0.166788 4 2 3 2 1 4 4096 1.06025 1.56847e+06 1
32.0903 0.168873 3 2 3 2 1 4 4096 1.06315 1.56805e+06 1
32.2616 0.171285 3 2 3 2 1 4 4096 1.066 1.5677e+06 1
32.4351 0.173492 3 2 3 2 1 4 4096 1.06883 1.56738e+06 1
32.6109 0.17576 3 2 3 2 1 4 4096 1.07167 1.56705e+06 1
32.7896 0.178684 3 2 3 2 1 4 4096 1.0745 1.56674e+06 1
32.9713 0.181713 3 2 3 2 1 4 4096 1.07734 1.5664e+06 1
33.1561 0.184851 3 2 3 2 1 4 4096 1.08024 1.56599e+06 1
33.3439 0.187775 3 2 3 2 1 4 4096 1.0831 1.56563e+06 1
33.5347 0.190798 3 2 3 2 1 4 4096 1.08604 1.56517e+06 1
33.7283 0.193573 3 2 3 2 1 4 4096 1.08887 1.56487e+06 1
33.9243 0.196073 3 2 3 2 1 4 4096 1.09166 1.56461e+06 1
34.123 0.198644 3 2 3 2 1 4 4096 1.09452 1.56428e+06 1
34.3243 0.201287 3 2 3 2 1 4 4096 1.09743 1.56385e+06 1
34.5279 0.203614 3 2 3 2 1 4 4096 1.10027 1.56354e+06 1
34.7331 0.205199 3 2 3 2 1 4 4096 1.10307 1.56329e+06 1
34.9399 0.206811 3 2 3 2 1 4 4096 1.10614 1.56265e+06 1
35.1475 0.207629 3 2 3 2 1 4 4096 1.10908 1.5622e+06 1
35.3552 0.207629 3 2 3 2 1 4 4096 1.11196 1.56184e+06 1
35.5632 0.208041 3 2 3 2 1 4 4096 1.11489 1.56141e+06 1
35.7684 0.20518 3 2 2 2 1 4 4096 1.1176 1.5613e+06 1
35.9736 0.20518 3 2 2 2 1 4 4096 1.12022 1.56129e+06 1
36.1787 0.20518 3 2 3 2 1 4 4096 1.12312 1.56091e+06 1
36.3847 0.205995 3 2 3 2 1 4 4096 1.12595 1.56063e+06 1
36.5911 0.206405 3 2 3 2 1 4 4096 1.12877 1.56035e+06 1
36.798 0.206818 3 2 3 2 1 4 4096 1.13165 1.56e+06 1
37.0048 0.206818 3 2 2 2 1 4 4096 1.13427 1.56e+06 1
37.2116 0.206818 3 2 3 2 1 4 4096 1.13706 1.55979e+06 1
37.4176 0.205989 3 2 2 2 1 4 4096 1.13969 1.55978e+06 1
37.6236 0.205989 3 2 3 2 1 4 4096 1.14251 1.55951e+06 1
37.8296 0.205989 3 2 3 2 1 4 4096 1.14531 1.55928e+06 1
38.036 0.206405 3 2 3 2 1 4 4096 1.14812 1.55903e+06 1
38.2428 0.206824 3 2 3 2 1 4 4096 1.15095 1.55876e+06 1
38.4505 0.207668 3 2 2 2 1 4 4096 1.15361 1.55871e+06 1
38.6585 0.208093 3 2 2 2 1 4 4096 1.15631 1.55861e+06 1
38.8679 0.209383 2 2 2 2 1 4 4096 1.15891 1.55865e+06 1
39.0782 0.210254 3 2 2 2 1 4 4096 1.16149 1.55872e+06 1
39.2902 0.212021 3 2 2 2 1 4 4096 1.16416 1.55866e+06 1
39.5031 0.212917 3 2 2 2 1 4 4096 1.16676 1.5587e+06 1
39.7174 0.214279 3 2 2 2 1 4 4096 1.16937 1.55872e+06 1
39.9326 0.215199 3 2 2 2 1 4 4096 1.17201 1.5587e+06 1
40.1492 0.216596 3 2 2 2 1 4 4096 1.17466 1.55867e+06 1
40.3667 0.21754 3 2 2 2 1 4 4096 1.17734 1.5586e+06 1
40.5843 0.21754 3 2 2 2 1 4 4096 1.18004 1.55851e+06 1
40.8018 0.21754 3 2 2 2 1 4 4096 1.1828 1.55833e+06 1
41.0184 0.21659 3 2 2 2 1 4 4096 1.18543 1.55833e+06 1
41.2345 0.216117 3 2 2 2 1 4 4096 1.1881 1.55828e+06 1
41.4506 0.216117 3 2 2 2 1 4 4096 1.19074 1.55827e+06 1
41.6663 0.215644 3 2 2 2 1 4 4096 1.19347 1.55813e+06 1
41.881 0.214702 3 2 2 2 1 4 4096 1.1961 1.55813e+06 1
42.0957 0.214702 3 2 2 2 1 4 4096 1.19878 1.55806e+06 1
42.3109 0.215174 3 2 2 2 1 4 4096 1.20143 1.55804e+06 1
42.5275 0.216606 3 2 2 2 1 4 4096 1.20403 1.55808e+06 1
42.745 0.217573 3 2 2 2 1 4 4096 1.20672 1.558e+06 1
42.9641 0.219043 3 2 3 2 1 4 4096 1.20947 1.55784e+06 1
43.1846 0.220536 3 2 2 2 1 4 4096 1.21208 1.55786e+06 1
43.4072 0.222564 3 2 2 2 1 4 4096 1.21473 1.55784e+06 1
43.6313 0.224113 3 2 3 2 1 4 4096 1.2175 1.55766e+06 1
43.8565 0.225161 3 2 2 2 1 4 4096 1.22012 1.55766e+06 1
44.0821 0.225689 3 2 2 2 1 4 4096 1.22285 1.55754e+06 1
44.3063 0.224107 3 2 2 2 1 4 4096 1.22549 1.55753e+06 1
44.5262 0.219986 3 2 3 2 1 4 4096 1.22826 1.55735e+06 1
44.7452 0.218977 3 2 2 2 1 4 4096 1.23099 1.55723e+06 1
44.9642 0.218977 3 2 3 2 1 4 4096 1.23409 1.55663e+06 1
45.1832 0.218977 3 2 3 2 1 4 4096 1.23687 1.55644e+06 1
45.4027 0.219483 3 2 3 2 1 4 4096 1.23969 1.55621e+06 1
45.6226 0.219994 3 2 3 2 1 4 4096 1.24263 1.55583e+06 1
45.8426 0.219994 3 2 3 2 1 4 4096 1.24544 1.5556e+06 1
46.0631 0.220509 3 2 3 2 1 4 4096 1.2483 1.55532e+06 1
46.2837 0.220509 3 2 3 2 1 4 4096 1.25121 1.55498e+06 1
46.5052 0.221552 3 2 3 2 1 4 4096 1.25405 1.55472e+06 1
46.7273 0.222078 4 2 3 2 1 4 4096 1.2573 1.55396e+06 1
46.9504 0.22314 4 2 3 2 1 4 4096 1.26044 1.55334e+06 1
47.1752 0.224757 4 2 3 2 1 4 4096 1.26344 1.55289e+06 1
47.4021 0.226956 3 2 3 2 1 4 4096 1.26628 1.55264e+06 1
47.6319 0.229771 3 2 3 2 1 4 4096 1.26908 1.55245e+06 1
47.8646 0.232665 3 2 3 2 1 4 4096 1.27195 1.55216e+06 1
48.1014 0.236852 3 2 3 2 1 4 4096 1.27484 1.55185e+06 1
48.3433 0.241838 3 2 3 2 1 4 4096 1.27774 1.55154e+06 1
48.5903 0.247053 3 2 3 2 1 4 4096 1.28063 1.55124e+06 1
48.8428 0.252513 3 2 3 2 1 4 4096 1.28357 1.55088e+06 1
49.1018 0.258969 3 2 3 2 1 4 4096 1.28644 1.5506e+06 1
49.366 0.264239 3 2 3 2 1 4 4096 1.28932 1.55031e+06 1
49.635 0.268943 3 2 3 2 1 4 4096 1.29221 1.55002e+06 1
49.9088 0.273833 3 2 3 2 1 4 4096 1.29513 1.54968e+06 1
50.1869 0.278059 3 2 3 2 1 4 4096 1.29809 1.5493e+06 1
50.4693 0.282431 3 2 3 2 1 4 4096 1.30093 1.54907e+06 1
50.7553 0.286041 3 2 3 2 1 4 4096 1.30373 1.54889e+06 1
51.0442 0.288818 3 2 3 2 1 4 4096 1.30659 1.54864e+06 1
51.3358 0.291658 3 2 3 2 1 4 4096 1.30951 1.5483e+06 1
51.6294 0.29359 3 2 3 2 1 4 4096 1.31235 1.54807e+06 1
51.925 0.295554 3 2 3 2 1 4 4096 1.31543 1.54756e+06 1
52.2215 0.296549 3 2 3 2 1 4 4096 1.3184 1.54718e+06 1
52.5201 0.298566 3 2 3 2 1 4 4096 1.32124 1.54696e+06 1
52.8197 0.299589 3 2 3 2 1 4 4096 1.32411 1.5467e+06 1
53.1193 0.299589 3 2 3 2 1 4 4096 1.32691 1.54652e+06 1
53.4168 0.297537 3 2 3 2 1 4 4096 1.32974 1.54631e+06 1
53.7035 0.286699 3 2 3 2 1 4 4096 1.3326 1.54607e+06 1
53.9846 0.281096 3 2 3 2 1 4 4096 1.33541 1.54588e+06 1
54.2666 0.282018 3 2 3 2 1 4 4096 1.33824 1.54567e+06 1
54.5496 0.282948 3 2 2 2 1 4 4096 1.34091 1.54565e+06 1
54.8353 0.285787 3 2 3 2 1 4 4096 1.34376 1.54542e+06 1
55.124 0.288694 3 2 3 2 1 4 4096 1.34661 1.54519e+06 1
55.4157 0.29167 3 2 3 2 1 4 4096 1.34947 1.54495e+06 1
55.7104 0.294719 3 2 3 2 1 4 4096 1.3523 1.54475e+06 1
56.0083 0.297843 3 2 3 2 1 4 4096 1.35514 1.54453e+06 1
56.3093 0.301046 3 2 3 2 1 4 4096 1.35797 1.54433e+06 1
56.6136 0.30433 3 2 3 2 1 4 4096 1.36072 1.54422e+06 1
56.9202 0.306567 3 2 3 2 1 4 4096 1.36353 1.54403e+06 1
57.2291 0.308847 3 2 3 2 1 4 4096 1.36647 1.54371e+06 1
57.5379 0.308847 3 2 3 2 1 4 4096 1.36925 1.54357e+06 1
57.8491 0.311178 3 2 3 2 1 4 4096 1.37209 1.54336e+06 1
58.1603 0.311178 3 2 3 2 1 4 4096 1.37491 1.54317e+06 1
58.4726 0.312365 3 2 3 2 1 4 4096 1.37772 1.543e+06 1
58.7838 0.311173 3 2 3 2 1 4 4096 1.38063 1.54272e+06 1
59.0926 0.308807 3 2 3 2 1 4 4096 1.38351 1.54247e+06 1
59.4026 0.30999 3 2 3 2 1 4 4096 1.38629 1.54233e+06 1
59.7126 0.30999 3 2 3 2 1 4 4096 1.38919 1.54206e+06 1
60.0226 0.30999 3 2 3 2 1 4 4096 1.39198 1.54191e+06 1
60.3302 0.307605 3 2 3 2 1 4 4096 1.39475 1.54178e+06 1
60.6331 0.302927 3 2 3 2 1 4 4096 1.39763 1.54153e+06 1
60.9249 0.29179 3 2 3 2 1 4 4096 1.40042 1.54139e+06 1
61.2114 0.286504 3 2 3 2 1 4 4096 1.40319 1.54126e+06 1
61.4979 0.286504 3 2 3 2 1 4 4096 1.40602 1.54108e+06 1
61.7834 0.285462 3 2 3 2 1 4 4096 1.40882 1.54092e+06 1
62.0617 0.278351 3 2 3 2 1 4 4096 1.41166 1.54072e+06 1
62.3352 0.273468 3 2 3 2 1 4 4096 1.41458 1.54044e+06 1
62.6087 0.273468 3 2 3 2 1 4 4096 1.41756 1.54009e+06 1
62.8821 0.273468 3 2 2 2 1 4 4096 1.42047 1.53982e+06 1
63.1566 0.274441 3 2 3 2 1 4 4096 1.42334 1.53959e+06 1
63.432 0.275424 3 2 2 2 1 4 4096 1.42603 1.53956e+06 1
63.7084 0.276419 3 2 2 2 1 4 4096 1.4287 1.53954e+06 1
63.9868 0.278436 3 2 3 2 1 4 4096 1.43162 1.53927e+06 1
64.2673 0.280491 3 2 2 2 1 4 4096 1.43427 1.53928e+06 1
64.5489 0.281534 3 2 3 2 1 4 4096 1.4371 1.5391e+06 1
64.8325 0.283651 3 2 3 2 1 4 4096 1.44 1.53884e+06 1
65.1183 0.285808 3 2 3 2 1 4 4096 1.44291 1.53858e+06 1
65.4052 0.286903 3 2 3 2 1 4 4096 1.44576 1.53838e+06 1
65.6944 0.289127 3 2 3 2 1 4 4096 1.44873 1.53806e+06 1
65.9869 0.292542 3 2 3 2 1 4 4096 1.45172 1.53771e+06 1
66.2818 0.294873 3 2 3 2 1 4 4096 1.45453 1.53756e+06 1
66.5802 0.298454 3 2 3 2 1 4 4096 1.45738 1.53736e+06 1
66.8811 0.300901 3 2 3 2 1 4 4096 1.46022 1.53717e+06 1
67.1845 0.303398 3 2 3 2 1 4 4096 1.4631 1.53694e+06 1
67.4892 0.304667 4 2 3 2 1 4 4096 1.46622 1.53647e+06 1
67.7939 0.304667 3 2 3 2 1 4 4096 1.46905 1.5363e+06 1
68.0998 0.305958 3 2 3 2 1 4 4096 1.47193 1.53607e+06 1
68.4071 0.307266 4 2 3 2 1 4 4096 1.47495 1.5357e+06 1
68.7157 0.30859 4 2 3 2 1 4 4096 1.47802 1.53528e+06 1
69.0243 0.30859 4 2 3 2 1 4 4096 1.48113 1.53483e+06 1
69.3329 0.30859 4 2 3 2 1 4 4096 1.48419 1.53443e+06 1
69.6414 0.30859 3 2 3 2 1 4 4096 1.48704 1.53423e+06 1
69.9447 0.30327 3 2 3 2 1 4 4096 1.48999 1.53394e+06 1
70.2428 0.298108 3 2 3 2 1 4 4096 1.49278 1.53382e+06 1
70.5359 0.293097 3 2 3 2 1 4 4096 1.4956 1.53367e+06 1
70.8266 0.290645 3 2 3 2 1 4 4096 1.49847 1.53347e+06 1
71.1172 0.290645 3 2 3 2 1 4 4096 1.50125 1.53336e+06 1
71.4079 0.290645 3 2 3 2 1 4 4096 1.50404 1.53323e+06 1
71.6985 0.290645 3 2 3 2 1 4 4096 1.50688 1.53307e+06 1
71.9904 0.291887 3 2 2 2 1 4 4096 1.50955 1.53307e+06 1
72.2823 0.291887 3 2 3 2 1 4 4096 1.51238 1.5329e+06 1
72.5754 0.29315 3 2 2 2 1 4 4096 1.51502 1.53293e+06 1
72.8686 0.29315 3 2 3 2 1 4 4096 1.51781 1.53282e+06 1
73.163 0.294436 3 2 2 2 1 4 4096 1.5204 1.5329e+06 1
73.4588 0.295739 3 2 3 2 1 4 4096 1.52326 1.53271e+06 1
73.7558 0.297059 3 2 3 2 1 4 4096 1.52616 1.53248e+06 1
74.0556 0.299747 3 2 3 2 1 4 4096 1.52899 1.53233e+06 1
74.3581 0.302497 3 2 3 2 1 4 4096 1.53185 1.53214e+06 1
74.662 0.303898 3 2 3 2 1 4 4096 1.53462 1.53205e+06 1
74.9673 0.305318 3 2 3 2 1 4 4096 1.5374 1.53194e+06 1
75.274 0.306758 3 2 3 2 1 4 4096 1.54026 1.53175e+06 1
75.5808 0.306758 3 2 3 2 1 4 4096 1.5431 1.53159e+06 1
75.8875 0.306758 3 2 3 2 1 4 4096 1.54592 1.53144e+06 1
76.19 0.302417 3 2 3 2 1 4 4096 1.54882 1.53122e+06 1
76.4924 0.302417 4 2 3 2 1 4 4096 1.55174 1.53098e+06 1
76.7962 0.303864 4 2 3 2 1 4 4096 1.55466 1.53074e+06 1
77.0944 0.298131 4 2 3 2 1 4 4096 1.55759 1.53049e+06 1
77.3897 0.295332 4 2 2 2 1 4 4096 1.56046 1.5303e+06 1
77.685 0.295332 3 2 3 2 1 4 4096 1.56329 1.53015e+06 1
77.9804 0.295332 3 2 3 2 1 4 4096 1.56612 1.53e+06 1
78.2757 0.295332 3 2 3 2 1 4 4096 1.56897 1.52983e+06 1
78.5682 0.292532 3 2 3 2 1 4 4096 1.57181 1.52967e+06 1
78.8487 0.28051 3 2 3 2 1 4 4096 1.57479 1.52938e+06 1
79.1217 0.272997 3 2 3 2 1 4 4096 1.57762 1.52923e+06 1
79.3911 0.269373 3 2 2 2 1 4 4096 1.58031 1.52922e+06 1
79.6605 0.269373 3 2 3 2 1 4 4096 1.58315 1.52907e+06 1
79.9299 0.269373 3 2 3 2 1 4 4096 1.58595 1.52894e+06 1
80.1968 0.266978 3 2 3 2 1 4 4096 1.58881 1.52877e+06 1
80.458 0.261149 3 2 3 2 1 4 4096 1.59163 1.52863e+06 1
80.7114 0.25337 3 2 2 2 1 4 4096 1.59429 1.52866e+06 1
80.9605 0.249112 3 2 2 2 1 4 4096 1.59696 1.52867e+06 1
81.2054 0.244977 3 2 2 2 1 4 4096 1.5996 1.52871e+06 1
81.4484 0.242953 3 2 3 2 1 4 4096 1.60237 1.52861e+06 1
81.6914 0.242953 3 2 2 2 1 4 4096 1.60499 1.52867e+06 1
81.9343 0.242953 3 2 2 2 1 4 4096 1.60761 1.52873e+06 1
82.1773 0.242953 3 2 2 2 1 4 4096 1.61024 1.52877e+06 1
82.4212 0.243978 3 2 2 2 1 4 4096 1.61293 1.52877e+06 1
82.6663 0.245016 3 2 2 2 1 4 4096 1.61565 1.52873e+06 1
82.9113 0.245016 3 2 2 2 1 4 4096 1.61832 1.52873e+06 1
83.1573 0.246072 3 2 3 2 1 4 4096 1.62115 1.52859e+06 1
83.4056 0.248221 3 2 2 2 1 4 4096 1.62404 1.52839e+06 1
83.6549 0.249315 3 2 2 2 1 4 4096 1.62684 1.52829e+06 1
83.9042 0.249315 3 2 3 2 1 4 4096 1.62963 1.52818e+06 1
84.146 0.241792 3 2 3 2 1 4 4096 1.63248 1.52802e+06 1
84.3837 0.237677 3 2 2 2 1 4 4096 1.6351 1.52808e+06 1
84.6183 0.234668 3 2 3 2 1 4 4096 1.63792 1.52795e+06 1
84.852 0.233678 3 2 3 2 1 4 4096 1.64075 1.5278e+06 1
85.0857 0.233678 3 2 3 2 1 4 4096 1.64359 1.52766e+06 1
85.3194 0.233678 3 2 3 2 1 4 4096 1.64642 1.52752e+06 1
85.553 0.233678 3 2 3 2 1 4 4096 1.64929 1.52735e+06 1
85.7867 0.233678 3 2 3 2 1 4 4096 1.65211 1.52722e+06 1
86.0214 0.23469 3 2 3 2 1 4 4096 1.65495 1.52707e+06 1
86.2571 0.235714 3 2 3 2 1 4 4096 1.65771 1.527e+06 1
86.4928 0.235714 3 2 3 2 1 4 4096 1.66063 1.52679e+06 1
86.7285 0.235714 3 2 3 2 1 4 4096 1.66343 1.52668e+06 1
86.9653 0.236762 3 2 3 2 1 4 4096 1.66624 1.52656e+06 1
87.2042 0.238895 3 2 3 2 1 4 4096 1.66904 1.52646e+06 1
87.4431 0.238895 3 2 3 2 1 4 4096 1.67187 1.52632e+06 1
87.6831 0.239986 3 2 3 2 1 4 4096 1.67473 1.52616e+06 1
87.9231 0.239986 3 2 3 2 1 4 4096 1.67749 1.52609e+06 1
88.1577 0.234581 3 2 3 2 1 4 4096 1.6803 1.52597e+06 1
88.3881 0.23041 3 2 3 2 1 4 4096 1.68315 1.52582e+06 1
88.6144 0.226368 3 2 3 2 1 4 4096 1.68596 1.52571e+06 1
88.8378 0.223416 3 2 3 2 1 4 4096 1.68882 1.52555e+06 1
89.0593 0.221481 3 2 3 2 1 4 4096 1.69165 1.52542e+06 1
89.2799 0.220522 3 2 3 2 1 4 4096 1.69447 1.5253e+06 1
89.4985 0.218621 3 2 2 2 1 4 4096 1.69719 1.52527e+06 1
89.7152 0.216745 3 2 3 2 1 4 4096 1.69995 1.5252e+06 1
89.932 0.216745 3 2 2 2 1 4 4096 1.70256 1.52527e+06 1
90.1487 0.216745 3 2 2 2 1 4 4096 1.70522 1.52529e+06 1
90.3655 0.216745 3 2 2 2 1 4 4096 1.70789 1.52531e+06 1
90.5831 0.217695 3 2 3 2 1 4 4096 1.71069 1.52521e+06 1
90.8018 0.218659 3 2 3 2 1 4 4096 1.71348 1.52511e+06 1
91.0205 0.218659 3 2 3 2 1 4 4096 1.71635 1.52495e+06 1
91.2334 0.212955 3 2 3 2 1 4 4096 1.71916 1.52484e+06 1
91.4436 0.210201 3 2 3 2 1 4 4096 1.72202 1.52469e+06 1
91.6494 0.205747 3 2 2 2 1 4 4096 1.72464 1.52474e+06 1
91.8534 0.204011 3 2 3 2 1 4 4096 1.72749 1.5246e+06 1
92.0548 0.20145 3 2 2 2 1 4 4096 1.73016 1.52461e+06 1
92.2546 0.199772 3 2 3 2 1 4 4096 1.73303 1.52445e+06 1
92.4552 0.200611 3 2 2 2 1 4 4096 1.73565 1.52451e+06 1
92.655 0.199768 3 2 2 2 1 4 4096 1.73832 1.52453e+06 1
92.8547 0.199768 3 2 3 2 1 4 4096 1.74115 1.5244e+06 1
93.0545 0.199768 3 2 3 2 1 4 4096 1.74398 1.52428e+06 1
93.2543 0.199768 3 2 2 2 1 4 4096 1.74668 1.52426e+06 1
93.4507 0.196411 3 2 2 2 1 4 4096 1.74934 1.52429e+06 1
93.6438 0.193151 3 2 3 2 1 4 4096 1.75218 1.52415e+06 1
93.8354 0.191554 3 2 2 2 1 4 4096 1.75484 1.52417e+06 1
94.0254 0.189978 3 2 2 2 1 4 4096 1.75745 1.52424e+06 1
94.2154 0.189978 3 2 2 2 1 4 4096 1.76005 1.52432e+06 1
94.4061 0.190769 3 2 2 2 1 4 4096 1.76263 1.52441e+06 1
94.5969 0.190769 3 2 2 2 1 4 4096 1.76522 1.5245e+06 1
94.7885 0.191574 3 2 2 2 1 4 4096 1.7679 1.5245e+06 1
94.9817 0.193212 3 2 2 2 1 4 4096 1.77056 1.52452e+06 1
95.1774 0.195732 3 2 2 2 1 4 4096 1.77321 1.52456e+06 1
95.3749 0.197456 3 2 3 2 1 4 4096 1.77605 1.52443e+06 1
95.5732 0.198334 3 2 3 2 1 4 4096 1.77885 1.52433e+06 1
95.7724 0.199223 3 2 3 2 1 4 4096 1.78178 1.52412e+06 1
95.9725 0.200125 3 2 3 2 1 4 4096 1.78472 1.5239e+06 1
96.1736 0.201039 3 2 3 2 1 4 4096 1.78747 1.52385e+06 1
96.3746 0.201039 3 2 2 2 1 4 4096 1.79015 1.52386e+06 1
96.5757 0.201039 3 2 3 2 1 4 4096 1.79296 1.52376e+06 1
96.7776 0.201974 3 2 3 2 1 4 4096 1.79577 1.52365e+06 1
96.9815 0.203879 3 2 3 2 1 4 4096 1.79855 1.52358e+06 1
97.1864 0.20485 3 2 3 2 1 4 4096 1.80137 1.52346e+06 1
97.3932 0.206829 3 2 3 2 1 4 4096 1.80415 1.52339e+06 1
97.6 0.206829 3 2 3 2 1 4 4096 1.807 1.52325e+06 1
97.8079 0.207843 3 2 3 2 1 4 4096 1.80986 1.52311e+06 1
98.0167 0.208872 3 2 3 2 1 4 4096 1.81269 1.52299e+06 1
98.2267 0.209916 3 2 3 2 1 4 4096 1.81546 1.52292e+06 1
98.4376 0.210976 3 2 2 2 1 4 4096 1.81826 1.52283e+06 1
98.6497 0.212053 3 2 3 2 1 4 4096 1.82102 1.52277e+06 1
98.8628 0.213146 3 2 2 2 1 4 4096 1.8236 1.52286e+06 1
99.0771 0.214256 3 2 2 2 1 4 4096 1.82619 1.52294e+06 1
99.2925 0.215384 3 2 2 2 1 4 4096 1.82877 1.52303e+06 1
99.5079 0.215384 3 2 3 2 1 4 4096 1.83154 1.52297e+06 1
99.721 0.213117 3 2 2 2 1 4 4096 1.83435 1.52287e+06 1
99.9308 0.209787 3 2 2 2 1 4 4096 1.837 1.5229e+06 1
100.141 0.209787 3 2 2 2 1 4 4096 1.83967 1.52292e+06 1
100.35 0.209787 3 2 2 2 1 4 4096 1.84236 1.52291e+06 1
100.561 0.210902 3 2 3 2 1 4 4096 1.84516 1.52282e+06 1
100.772 0.210902 3 2 3 2 1 4 4096 1.84797 1.52273e+06 1
100.983 0.210902 3 2 2 2 1 4 4096 1.85064 1.52274e+06 1
101.195 0.212049 3 2 3 2 1 4 4096 1.85345 1.52265e+06 1
101.407 0.212049 3 2 3 2 1 4 4096 1.85624 1.52256e+06 1
101.619 0.212049 3 2 3 2 1 4 4096 1.85898 1.52252e+06 1
101.831 0.212049 3 2 3 2 1 4 4096 1.8618 1.52242e+06 1
102.043 0.212049 3 2 3 2 1 4 4096 1.86456 1.52236e+06 1
102.254 0.210871 3 2 3 2 1 4 4096 1.86734 1.52228e+06 1
102.466 0.212055 3 2 2 2 1 4 4096 1.87004 1.52228e+06 1
102.678 0.212055 3 2 3 2 1 4 4096 1.87288 1.52215e+06 1
102.89 0.212055 3 2 3 2 1 4 4096 1.8757 1.52205e+06 1
103.102 0.212055 3 2 3 2 1 4 4096 1.87853 1.52194e+06 1
103.316 0.213281 3 2 3 2 1 4 4096 1.88135 1.52183e+06 1
103.529 0.213281 3 2 3 2 1 4 4096 1.88427 1.52165e+06 1
103.743 0.214536 3 2 2 2 1 4 4096 1.88693 1.52167e+06 1
103.958 0.214536 3 2 2 2 1 4 4096 1.88955 1.52174e+06 1
104.174 0.21582 3 2 3 2 1 4 4096 1.89233 1.52166e+06 1
104.39 0.21582 3 2 3 2 1 4 4096 1.89509 1.52161e+06 1
104.605 0.21582 3 2 3 2 1 4 4096 1.89785 1.52156e+06 1
104.821 0.21582 3 2 3 2 1 4 4096 1.90061 1.5215e+06 1
105.034 0.213204 3 2 3 2 1 4 4096 1.90339 1.52143e+06 1
105.244 0.209374 3 2 3 2 1 4 4096 1.90615 1.52138e+06 1
105.451 0.206882 3 2 3 2 1 4 4096 1.90908 1.52118e+06 1
105.652 0.200868 3 2 3 2 1 4 4096 1.91193 1.52106e+06 1
105.849 0.197404 3 2 3 2 1 4 4096 1.91484 1.52089e+06 1
106.043 0.19404 3 2 2 2 1 4 4096 1.91755 1.52088e+06 1
106.234 0.190769 3 2 2 2 1 4 4096 1.92026 1.52086e+06 1
106.421 0.18759 3 2 3 2 1 4 4096 1.92309 1.52075e+06 1
106.61 0.188644 3 2 3 2 1 4 4096 1.92593 1.52064e+06 1
106.799 0.188644 3 2 3 2 1 4 4096 1.92874 1.52055e+06 1
106.986 0.187578 3 2 3 2 1 4 4096 1.93167 1.52036e+06 1
107.174 0.187578 3 2 3 2 1 4 4096 1.93451 1.52024e+06 1
107.361 0.187578 3 2 3 2 1 4 4096 1.93731 1.52016e+06 1
107.549 0.187578 3 2 3 2 1 4 4096 1.94013 1.52007e+06 1
107.738 0.188668 3 2 3 2 1 4 4096 1.94296 1.51996e+06 1
107.927 0.189778 3 2 3 2 1 4 4096 1.94581 1.51984e+06 1
108.118 0.190908 3 2 3 2 1 4 4096 1.94868 1.5197e+06 1
108.31 0.192058 3 2 2 2 1 4 4096 1.95136 1.51971e+06 1
108.504 0.193229 3 2 3 2 1 4 4096 1.95417 1.51962e+06 1
108.699 0.195629 3 2 3 2 1 4 4096 1.95709 1.51945e+06 1
108.897 0.198106 3 2 3 2 1 4 4096 1.95984 1.51941e+06 1
109.097 0.199376 3 2 3 2 1 4 4096 1.96262 1.51934e+06 1
109.297 0.20067 3 2 2 2 1 4 4096 1.96523 1.5194e+06 1
109.501 0.203328 3 2 3 2 1 4 4096 1.96807 1.51929e+06 1
109.705 0.204693 3 2 3 2 1 4 4096 1.97092 1.51918e+06 1
109.912 0.206085 3 2 3 2 1 4 4096 1.97376 1.51907e+06 1
110.12 0.208948 3 2 3 2 1 4 4096 1.97659 1.51896e+06 1
110.331 0.210419 3 2 3 2 1 4 4096 1.97944 1.51885e+06 1
110.543 0.211922 3 2 3 2 1 4 4096 1.98235 1.51868e+06 1
110.756 0.213458 3 2 3 2 1 4 4096 1.98512 1.51863e+06 1
110.973 0.21662 3 2 2 2 1 4 4096 1.98774 1.51868e+06 1
111.191 0.218249 3 2 3 2 1 4 4096 1.99062 1.51855e+06 1
111.409 0.218249 3 2 3 2 1 4 4096 1.99344 1.51845e+06 1
111.629 0.219928 3 2 3 2 1 4 4096 1.99625 1.51837e+06 1
111.849 0.219928 3 2 2 2 1 4 4096 1.99892 1.51838e+06 1
112.069 0.219928 3 2 3 2 1 4 4096 2.00169 1.51833e+06 1
112.289 0.219928 3 2 3 2 1 4 4096 2.00452 1.51823e+06 1
112.511 0.221687 3 2 3 2 1 4 4096 2.00732 1.51815e+06 1
112.732 0.221687 3 2 3 2 1 4 4096 2.01017 1.51804e+06 1
112.954 0.221687 4 2 3 2 1 4 4096 2.01319 1.5178e+06 1
113.176 0.221687 4 2 3 2 1 4 4096 2.01618 1.51758e+06 1
113.396 0.21987 4 2 3 2 1 4 4096 2.01924 1.51731e+06 1
113.616 0.21987 4 2 3 2 1 4 4096 2.02219 1.51712e+06 1
113.832 0.216265 3 2 3 2 1 4 4096 2.02494 1.51708e+06 1
114.048 0.216265 3 2 3 2 1 4 4096 2.02772 1.51702e+06 1
114.264 0.216265 3 2 3 2 1 4 4096 2.0305 1.51696e+06 1
114.481 0.216265 3 2 3 2 1 4 4096 2.03331 1.51688e+06 1
114.692 0.210904 3 2 3 2 1 4 4096 2.03615 1.51677e+06 1
114.897 0.20576 3 2 3 2 1 4 4096 2.039 1.51666e+06 1
115.101 0.204087 3 2 3 2 1 4 4096 2.0419 1.51652e+06 1
115.302 0.200795 3 2 2 2 1 4 4096 2.04458 1.51653e+06 1
115.5 0.197582 3 2 3 2 1 4 4096 2.04751 1.51636e+06 1
115.697 0.197582 3 2 3 2 1 4 4096 2.05035 1.51626e+06 1
115.895 0.197582 3 2 2 2 1 4 4096 2.05302 1.51628e+06 1
116.093 0.197582 3 2 2 2 1 4 4096 2.05567 1.51632e+06 1
116.29 0.197582 3 2 3 2 1 4 4096 2.05844 1.51627e+06 1
116.488 0.197582 3 2 2 2 1 4 4096 2.06117 1.51625e+06 1
116.687 0.199257 3 2 2 2 1 4 4096 2.06387 1.51625e+06 1
116.886 0.199257 3 2 3 2 1 4 4096 2.06668 1.51617e+06 1
117.087 0.200989 3 2 3 2 1 4 4096 2.06948 1.5161e+06 1
117.29 0.202768 3 2 2 2 1 4 4096 2.07217 1.51611e+06 1
117.495 0.204595 3 2 2 2 1 4 4096 2.07485 1.51612e+06 1
117.699 0.204595 3 2 3 2 1 4 4096 2.07774 1.51599e+06 1
117.904 0.204595 3 2 3 2 1 4 4096 2.08062 1.51586e+06 1
118.11 0.206507 3 2 2 2 1 4 4096 2.08333 1.51585e+06 1
118.317 0.206507 3 2 3 2 1 4 4096 2.08621 1.51572e+06 1
118.525 0.208492 3 2 3 2 1 4 4096 2.08912 1.51557e+06 1
118.734 0.208492 3 2 3 2 1 4 4096 2.09214 1.51534e+06 1
118.944 0.210557 3 2 3 2 1 4 4096 2.095 1.51522e+06 1
119.157 0.212684 3 2 3 2 1 4 4096 2.09793 1.51506e+06 1
119.37 0.212684 3 2 3 2 1 4 4096 2.10074 1.51498e+06 1
119.582 0.212684 3 2 3 2 1 4 4096 2.10354 1.51491e+06 1
119.797 0.214922 3 2 3 2 1 4 4096 2.10673 1.51457e+06 1
120.012 0.214922 3 2 3 2 1 4 4096 2.10964 1.51442e+06 1
120.229 0.217259 3 2 3 2 1 4 4096 2.11248 1.51432e+06 1
120.447 0.217259 3 2 3 2 1 4 4096 2.11543 1.51415e+06 1
120.664 0.217259 3 2 3 2 1 4 4096 2.1182 1.5141e+06 1
120.884 0.219727 4 2 3 2 1 4 4096 2.12118 1.51391e+06 1
121.106 0.222282 3 2 3 2 1 4 4096 2.12394 1.51387e+06 1
121.328 0.222282 3 2 3 2 1 4 4096 2.12672 1.51381e+06 1
121.553 0.22496 3 2 3 2 1 4 4096 2.12955 1.51373e+06 1
121.778 0.22496 3 2 3 2 1 4 4096 2.13241 1.51362e+06 1
122.006 0.227772 3 2 3 2 1 4 4096 2.13518 1.51357e+06 1
122.234 0.227772 4 2 3 2 1 4 4096 2.13812 1.51341e+06 1
122.462 0.227772 3 2 3 2 1 4 4096 2.14098 1.5133e+06 1
122.689 0.227772 3 2 3 2 1 4 4096 2.14376 1.51325e+06 1
122.914 0.224814 3 2 3 2 1 4 4096 2.14656 1.51318e+06 1
123.139 0.224814 3 2 3 2 1 4 4096 2.14944 1.51306e+06 1
123.361 0.221856 3 2 3 2 1 4 4096 2.15228 1.51297e+06 1
123.583 0.221856 3 2 3 2 1 4 4096 2.15514 1.51285e+06 1
123.804 0.221856 3 2 3 2 1 4 4096 2.15797 1.51277e+06 1
124.023 0.218858 3 2 3 2 1 4 4096 2.1608 1.51269e+06 1
124.239 0.215901 3 2 3 2 1 4 4096 2.1636 1.51262e+06 1
124.452 0.212983 3 2 3 2 1 4 4096 2.16646 1.51251e+06 1
124.662 0.210105 3 2 3 2 1 4 4096 2.16932 1.51241e+06 1
124.872 0.210105 3 2 3 2 1 4 4096 2.17217 1.51231e+06 1
125.08 0.207227 3 2 3 2 1 4 4096 2.175 1.51223e+06 1
125.287 0.207227 3 2 3 2 1 4 4096 2.17781 1.51215e+06 1
125.491 0.204349 3 2 2 2 1 4 4096 2.18057 1.51212e+06 1
125.696 0.204349 3 2 3 2 1 4 4096 2.18333 1.51208e+06 1
125.897 0.20147 3 2 2 2 1 4 4096 2.18593 1.51216e+06 1
126.099 0.20147 3 2 3 2 1 4 4096 2.18882 1.51203e+06 1
126.297 0.198592 3 2 2 2 1 4 4096 2.19159 1.51199e+06 1
126.496 0.198592 3 2 3 2 1 4 4096 2.1945 1.51185e+06 1
126.694 0.198592 3 2 3 2 1 4 4096 2.19736 1.51175e+06 1
126.896 0.201601 3 2 2 2 1 4 4096 2.19997 1.51181e+06 1
127.098 0.201601 3 2 2 2 1 4 4096 2.2026 1.51187e+06 1
127.299 0.201601 3 2 2 2 1 4 4096 2.20531 1.51187e+06 1
127.504 0.204853 3 2 2 2 1 4 4096 2.20795 1.51192e+06 1
127.709 0.204853 3 2 2 2 1 4 4096 2.21064 1.51193e+06 1
127.917 0.208325 3 2 3 2 1 4 4096 2.21352 1.51182e+06 1
128.125 0.208325 3 2 2 2 1 4 4096 2.21624 1.5118e+06 1
128.334 0.208325 3 2 2 2 1 4 4096 2.21889 1.51185e+06 1
128.546 0.212113 3 2 2 2 1 4 4096 2.22155 1.51188e+06 1
128.758 0.212113 3 2 2 2 1 4 4096 2.22419 1.51193e+06 1
128.97 0.212113 3 2 2 2 1 4 4096 2.22696 1.51189e+06 1
129.186 0.216272 3 2 3 2 1 4 4096 2.22977 1.51182e+06 1
129.403 0.216272 3 2 3 2 1 4 4096 2.23263 1.51172e+06 1
129.619 0.216272 3 2 3 2 1 4 4096 2.2354 1.51168e+06 1
129.835 0.216272 3 2 2 2 1 4 4096 2.23807 1.5117e+06 1
130.051 0.216272 3 2 2 2 1 4 4096 2.24074 1.51173e+06 1
130.268 0.216272 3 2 3 2 1 4 4096 2.24363 1.51161e+06 1
130.484 0.216272 3 2 3 2 1 4 4096 2.24649 1.51151e+06 1
130.696 0.211466 3 2 3 2 1 4 4096 2.2496 1.51124e+06 1
130.907 0.211466 3 2 3 2 1 4 4096 2.25244 1.51115e+06 1
131.114 0.20666 3 2 3 2 1 4 4096 2.25533 1.51103e+06 1
131.32 0.20666 3 2 3 2 1 4 4096 2.25815 1.51096e+06 1
131.527 0.20666 3 2 3 2 1 4 4096 2.26093 1.51091e+06 1
131.734 0.20666 3 2 3 2 1 4 4096 2.2638 1.5108e+06 1
131.94 0.20666 3 2 2 2 1 4 4096 2.26643 1.51086e+06 1
132.147 0.20666 3 2 2 2 1 4 4096 2.26909 1.51089e+06 1
132.354 0.20666 3 2 2 2 1 4 4096 2.27174 1.51093e+06 1
132.56 0.20666 3 2 2 2 1 4 4096 2.27442 1.51095e+06 1
132.767 0.20666 3 2 2 2 1 4 4096 2.27709 1.51098e+06 1
132.974 0.20666 3 2 2 2 1 4 4096 2.27977 1.511e+06 1
133.18 0.20666 3 2 2 2 1 4 4096 2.2825 1.51099e+06 1
133.393 0.213118 3 2 2 2 1 4 4096 2.28516 1.51103e+06 1
133.606 0.213118 3 2 2 2 1 4 4096 2.28783 1.51105e+06 1
133.82 0.213118 3 2 3 2 1 4 4096 2.29065 1.51098e+06 1
134.033 0.213118 3 2 3 2 1 4 4096 2.29346 1.51091e+06 1
134.246 0.213118 3 2 3 2 1 4 4096 2.29624 1.51087e+06 1
134.459 0.213118 3 2 3 2 1 4 4096 2.29917 1.51072e+06 1
134.672 0.213118 3 2 3 2 1 4 4096 2.30208 1.51059e+06 1
134.885 0.213118 3 2 3 2 1 4 4096 2.3049 1.51052e+06 1
135.098 0.213118 3 2 3 2 1 4 4096 2.3077 1.51047e+06 1
135.311 0.213118 3 2 3 2 1 4 4096 2.31054 1.51038e+06 1
135.525 0.213118 3 2 3 2 1 4 4096 2.31339 1.51029e+06 1
135.738 0.213118 3 2 3 2 1 4 4096 2.31626 1.51019e+06 1
135.951 0.213118 3 2 3 2 1 4 4096 2.31905 1.51013e+06 1
136.164 0.213118 3 2 3 2 1 4 4096 2.32193 1.51003e+06 1
136.377 0.213118 3 2 2 2 1 4 4096 2.32456 1.51008e+06 1
136.59 0.213118 3 2 3 2 1 4 4096 2.32734 1.51004e+06 1
136.803 0.213118 3 2 2 2 1 4 4096 2.33 1.51007e+06 1
137.016 0.213118 3 2 3 2 1 4 4096 2.33282 1.51e+06 1
137.215 0.19891 3 2 2 2 1 4 4096 2.33543 1.51007e+06 1
137.414 0.19891 3 2 3 2 1 4 4096 2.33822 1.51002e+06 1
137.613 0.19891 3 2 2 2 1 4 4096 2.34089 1.51005e+06 1
137.812 0.19891 3 2 3 2 1 4 4096 2.34372 1.50997e+06 1
137.994 0.182334 3 2 3 2 1 4 4096 2.34655 1.50989e+06 1
138.177 0.182334 3 2 3 2 1 4 4096 2.34948 1.50975e+06 1
138.359 0.182334 3 2 3 2 1 4 4096 2.35238 1.50963e+06 1
138.541 0.182334 3 2 2 2 1 4 4096 2.35503 1.50968e+06 1
138.724 0.182334 3 2 3 2 1 4 4096 2.35786 1.5096e+06 1
138.906 0.182334 3 2 3 2 1 4 4096 2.3607 1.50952e+06 1
139.088 0.182334 3 2 2 2 1 4 4096 2.36341 1.50952e+06 1
139.271 0.182334 3 2 2 2 1 4 4096 2.36615 1.5095e+06 1
139.453 0.182334 3 2 2 2 1 4 4096 2.36882 1.50953e+06 1
139.635 0.182334 3 2 2 2 1 4 4096 2.37148 1.50956e+06 1
139.818 0.182334 3 2 2 2 1 4 4096 2.37414 1.5096e+06 1
140 0.182334 3 2 2 2 1 4 4096 2.37687 1.50959e+06 1
140.125 0.125 3 2 2 2 1 4 4096 2.48609 1.44492e+06 1
140.25 0.125 2 2 2 2 1 4 4096 2.48859 1.44511e+06 1
140.375 0.125 2 2 2 2 1 4 4096 2.56767 1.4022e+06 1
140.5 0.125 2 2 2 2 1 4 4096 2.57014 1.40244e+06 1
140.625 0.125 2 2 2 2 1 4 4096 2.6498 1.36183e+06 1
140.75 0.125 2 2 2 2 1 4 4096 2.65235 1.36206e+06 1
140.875 0.125 2 2 2 2 1 4 4096 2.73051 1.32458e+06 1
141 0.125 2 2 2 2 1 4 4096 2.73297 1.32488e+06 1
141.125 0.125 2 2 2 2 1 4 4096 2.81039 1.28984e+06 1
141.25 0.125 2 2 2 2 1 4 4096 2.8129 1.29015e+06 1
141.375 0.125 2 2 2 2 1 4 4096 2.89125 1.2566e+06 1
141.5 0.125 2 2 2 2 1 4 4096 2.89371 1.25695e+06 1
141.625 0.125 2 2 2 2 1 4 4096 2.97113 1.22557e+06 1
141.75 0.125 2 2 2 2 1 4 4096 2.9736 1.22594e+06 1
141.875 0.125 2 2 2 2 1 4 4096 3.05164 1.19593e+06 1
142 0.125 2 2 2 2 1 4 4096 3.0541 1.1963e+06 1
142.125 0.125 2 2 2 2 1 4 4096 3.132 1.16786e+06 1
142.25 0.125 2 2 2 2 1 4 4096 3.13446 1.16825e+06 1
142.375 0.125 2 2 2 2 1 4 4096 3.21282 1.14103e+06 1
142.5 0.125 2 2 2 2 1 4 4096 3.21543 1.14138e+06 1
142.625 0.125 2 2 2 2 1 4 4096 3.29299 1.11574e+06 1
142.75 0.125 2 2 2 2 1 4 4096 3.29543 1.11616e+06 1
142.875 0.125 2 2 2 2 1 4 4096 3.3735 1.09154e+06 1
143 0.125 2 2 2 2 1 4 4096 3.37599 1.09195e+06 1
143.125 0.125 2 2 2 2 1 4 4096 3.45393 1.06849e+06 1
143.25 0.125 2 2 2 2 1 4 4096 3.45637 1.06892e+06 1
143.375 0.125 2 2 2 2 1 4 4096 3.53481 1.04636e+06 1
143.5 0.125 2 2 2 2 1 4 4096 3.5373 1.04678e+06 1
143.625 0.125 2 2 2 2 1 4 4096 3.61533 1.02532e+06 1
143.75 0.125 2 2 2 2 1 4 4096 3.61777 1.02576e+06 1
143.875 0.125 2 2 2 2 1 4 4096 3.69611 1.00513e+06 1
144 0.125 2 2 2 2 1 4 4096 3.69863 1.00555e+06 1
144.125 0.125 2 2 2 2 1 4 4096 3.77723 985712 1
144.25 0.125 2 2 2 2 1 4 4096 3.77971 986149 1
144.375 0.125 2 2 2 2 1 4 4096 3.85752 967319 1
144.5 0.125 2 2 2 2 1 4 4096 3.85995 967773 1
144.625 0.125 2 2 2 2 1 4 4096 3.93828 949564 1
144.75 0.125 2 2 2 2 1 4 4096 3.9408 949997 1
144.875 0.125 2 2 2 2 1 4 4096 4.01952 932411 1
145 0.125 2 2 2 2 1 4 4096 4.02208 932834 1
145.125 0.125 2 2 2 2 1 4 4096 4.10018 916065 1
145.25 0.125 2 2 2 2 1 4 4096 4.10263 916517 1
145.375 0.125 2 2 2 2 1 4 4096 4.18149 900212 1
145.5 0.125 2 2 2 2 1 4 4096 4.18405 900640 1
145.625 0.125 2 2 2 2 1 4 4096 4.26199 885131 1
145.75 0.125 2 2 2 2 1 4 4096 4.2645 885570 1
145.875 0.125 2 2 2 2 1 4 4096 4.34284 870538 1
146 0.125 2 2 2 2 1 4 4096 4.34531 870987 1
146.125 0.125 2 2 2 2 1 4 4096 4.42412 856396 1
146.25 0.125 2 2 2 2 1 4 4096 4.42669 856823 1
146.375 0.125 2 2 2 2 1 4 4096 4.50499 842842 1
146.5 0.125 2 2 2 2 1 4 4096 4.50746 843288 1
146.625 0.125 2 2 2 2 1 4 4096 4.58579 829777 1
146.75 0.125 2 2 2 2 1 4 4096 4.5883 830215 1
146.875 0.125 2 2 2 2 1 4 4096 4.66654 817174 1
147 0.125 2 2 2 2 1 4 4096 4.66898 817624 1
147.125 0.125 2 2 2 2 1 4 4096 4.7478 804913 1
147.25 0.125 2 2 2 2 1 4 4096 4.75031 805351 1
147.375 0.125 2 2 2 2 1 4 4096 4.82836 793181 1
147.5 0.125 2 2 2 2 1 4 4096 4.83083 793622 1
147.625 0.125 2 2 2 2 1 4 4096 4.90902 781817 1
147.75 0.125 2 2 2 2 1 4 4096 4.91157 782244 1
147.875 0.125 2 2 2 2 1 4 4096 4.99068 770666 1
148 0.125 2 2 2 2 1 4 4096 4.99331 771079 1
148.125 0.125 2 2 2 2 1 4 4096 5.0717 759969 1
148.25 0.125 2 2 2 2 1 4 4096 5.07419 760404 1
148.375 0.125 2 2 2 2 1 4 4096 5.15308 749557 1
148.5 0.125 2 2 2 2 1 4 4096 5.15555 749993 1
148.625 0.125 2 2 2 2 1 4 4096 5.23358 739594 1
148.75 0.125 2 2 2 2 1 4 4096 5.23603 740030 1
148.875 0.125 2 2 2 2 1 4 4096 5.31444 729881 1
149 0.125 2 2 2 2 1 4 4096 5.31689 730315 1
149.125 0.125 2 2 2 2 1 4 4096 5.39475 720535 1
149.25 0.125 2 2 2 2 1 4 4096 5.39721 720965 1
149.375 0.125 2 2 2 2 1 4 4096 5.47581 711364 1
149.5 0.125 2 2 2 2 1 4 4096 5.47834 711783 1
149.625 0.125 2 2 2 2 1 4 4096 5.55738 702398 1
149.75 0.125 2 2 2 2 1 4 4096 5.55983 702824 1
149.875 0.125 2 2 2 2 1 4 4096 5.63784 693826 1
150 0.125 2 2 2 2 1 4 4096 5.64035 694244 1
150.125 0.125 2 2 2 2 1 4 4096 5.71894 685419 1
150.25 0.125 4 2 2 2 1 4 4096 5.72163 685813 1
150.375 0.125 1 2 3 2 1 4 4096 5.79917 677350 1
150.5 0.125 1 2 3 2 1 4 4096 5.80154 677779 1
150.625 0.125 1 2 3 2 1 4 4096 5.87972 669464 1
150.75 0.125 1 2 3 2 1 4 4096 5.88227 669869 1
150.875 0.125 1 2 3 2 1 4 4096 5.9602 661798 1
151 0.125 1 2 3 2 1 4 4096 5.96258 662221 1
151.125 0.125 1 2 3 2 1 4 4096 6.04091 654312 1
151.25 0.125 1 2 3 2 1 4 4096 6.04335 654726 1
151.375 0.125 1 2 3 2 1 4 4096 6.12155 647031 1
151.5 0.125 1 2 3 2 1 4 4096 6.12393 647449 1
151.625 0.125 1 2 3 2 1 4 4096 6.20181 639979 1
151.75 0.125 1 2 3 2 1 4 4096 6.20418 640394 1
152 0.25 1 2 5 2 1 4 4096 6.28278 633035 1
152.25 0.25 1 2 4 2 1 4 4096 6.36048 625945 1
152.5 0.25 1 2 4 2 1 4 4096 6.43836 619010 1
152.75 0.25 1 2 4 2 1 4 4096 6.51687 612181 1
153 0.25 1 2 4 2 1 4 4096 6.59567 605488 1
153.25 0.25 1 2 4 2 1 4 4096 6.67435 598964 1
153.5 0.25 1 2 4 2 1 4 4096 6.75257 592632 1
153.75 0.25 1 2 4 2 1 4 4096 6.83104 586424 1
154 0.25 1 2 4 2 1 4 4096 6.90934 580371 1
154.25 0.25 1 2 4 2 1 4 4096 6.9881 574416 1
154.5 0.25 1 2 4 2 1 4 4096 7.06641 568631 1
154.75 0.25 1 2 4 2 1 4 4096 7.14513 562939 1
155 0.25 1 2 3 2 1 4 4096 7.22338 557408 1
155.25 0.25 1 2 3 2 1 4 4096 7.30132 552018 1
155.5 0.25 1 2 3 2 1 4 4096 7.37958 546720 1
155.75 0.25 1 2 3 2 1 4 4096 7.4576 541549 1
156 0.25 1 2 3 2 1 4 4096 7.53599 536460 1
156.25 0.25 1 2 3 2 1 4 4096 7.61411 531493 1
156.5 0.25 1 2 3 2 1 4 4096 7.69193 526648 1
156.75 0.25 1 2 3 2 1 4 4096 7.76972 521903 1
157 0.25 1 2 3 2 1 4 4096 7.8477 517239 1
157.25 0.25 1 2 3 2 1 4 4096 7.92591 512652 1
157.5 0.25 1 2 3 2 1 4 4096 8.00401 508161 1
157.75 0.25 1 2 3 2 1 4 4096 8.08233 503744 1
158 0.25 1 2 3 2 1 4 4096 8.16037 499428 1
158.25 0.25 1 2 3 2 1 4 4096 8.23839 495196 1
158.5 0.25 1 2 3 2 1 4 4096 8.31653 491035 1
158.75 0.25 1 2 3 2 1 4 4096 8.39463 486955 1
159 0.25 1 2 3 2 1 4 4096 8.47251 482962 1
159.25 0.25 1 2 3 2 1 4 4096 8.5512 478997 1
159.5 0.25 1 2 3 2 1 4 4096 8.62949 475126 1
159.75 0.25 1 2 3 2 1 4 4096 8.70769 471330 1
160 0.25 1 2 3 2 1 4 4096 8.78613 467588 1
160.25 0.25 1 2 3 2 1 4 4096 8.86572 463852 1
160.5 0.25 1 2 3 2 1 4 4096 8.94532 460183 1
160.75 0.25 1 2 2 2 1 4 4096 9.02394 456627 1
161 0.25 1 2 2 2 1 4 4096 9.10185 453169 1
161.25 0.25 1 2 2 2 1 4 4096 9.18022 449746 1
161.5 0.25 1 2 3 2 1 4 4096 9.25832 446394 1
161.75 0.25 1 2 2 2 1 4 4096 9.33586 443126 1
162 0.25 1 2 3 2 1 4 4096 9.41425 439871 1
162.25 0.25 1 2 2 2 1 4 4096 9.49185 436706 1
162.5 0.25 1 2 3 2 1 4 4096 9.571 433523 1
162.75 0.25 1 2 2 2 1 4 4096 9.64894 430446 1
163 0.25 1 2 2 2 1 4 4096 9.72663 427428 1
163.25 0.25 1 2 2 2 1 4 4096 9.80443 424454 1
163.5 0.25 1 2 2 2 1 4 4096 9.88236 421522 1
163.75 0.25 1 2 2 2 1 4 4096 9.9608 418614 1
164 0.25 1 2 2 2 1 4 4096 10.0391 415758 1
164.25 0.25 1 2 2 2 1 4 4096 10.1165 412982 1
164.5 0.25 1 2 2 2 1 4 4096 10.1937 410254 1
164.75 0.25 1 2 2 2 1 4 4096 10.271 407567 1
165 0.25 1 2 2 2 1 4 4096 10.3484 404915 1
165.25 0.25 1 2 2 2 1 4 4096 10.4256 402308 1
165.5 0.25 1 2 2 2 1 4 4096 10.5029 399738 1
165.75 0.25 1 2 2 2 1 4 4096 10.5802 397203 1
166 0.25 1 2 2 2 1 4 4096 10.6575 394706 1
166.25 0.25 1 2 2 2 1 4 4096 10.7347 392252 1
166.5 0.25 1 2 2 2 1 4 4096 10.8121 389820 1
166.75 0.25 1 2 2 2 1 4 4096 10.8896 387421 1
167 0.25 1 2 2 2 1 4 4096 10.9671 385059 1
167.25 0.25 1 2 2 2 1 4 4096 11.0447 382725 1
167.5 0.25 1 2 2 2 1 4 4096 11.1222 380426 1
167.75 0.25 1 2 2 2 1 4 4096 11.1998 378157 1
168 0.25 1 2 2 2 1 4 4096 11.2773 375920 1
168.25 0.25 1 2 2 2 1 4 4096 11.3546 373723 1
168.5 0.25 1 2 2 2 1 4 4096 11.4314 371570 1
168.75 0.25 1 2 2 2 1 4 4096 11.5093 369410 1
169 0.25 1 2 2 2 1 4 4096 11.5866 367298 1
169.25 0.25 1 2 1 2 1 4 4096 11.6637 365221 1
169.5 0.25 1 2 1 2 1 4 4096 11.741 363166 1
169.75 0.25 1 2 2 2 1 4 4096 11.8186 361130 1
170 0.25 1 2 1 2 1 4 4096 11.8954 359141 1
170.25 0.25 1 2 2 2 1 4 4096 11.9729 357160 1
170.5 0.25 1 2 2 2 1 4 4096 12.0502 355208 1
170.75 0.25 1 2 1 2 1 4 4096 12.1275 353281 1
171 0.25 1 2 2 2 1 4 4096 12.2045 351386 1
171.25 0.25 1 2 1 2 1 4 4096 12.2816 349516 1
171.5 0.25 1 2 1 2 1 4 4096 12.3583 347677 1
171.75 0.25 1 2 1 2 1 4 4096 12.435 345863 1
172 0.25 1 2 1 2 1 4 4096 12.5123 344052 1
172.25 0.25 1 2 1 2 1 4 4096 12.589 342281 1
172.5 0.25 1 2 1 2 1 4 4096 12.6659 340528 1
172.75 0.25 1 2 1 2 1 4 4096 12.7434 338778 1
173 0.25 1 2 1 2 1 4 4096 12.8206 337058 1
173.25 0.25 1 2 1 2 1 4 4096 12.8976 335363 1
173.5 0.25 1 2 1 2 1 4 4096 12.9757 333661 1
173.75 0.25 1 2 1 2 1 4 4096 13.053 331998 1
174 0.25 1 2 2 2 1 4 4096 13.1307 330344 1
174.25 0.25 1 2 1 2 1 4 4096 13.2065 328760 1
174.5 0.25 1 2 1 2 1 4 4096 13.2814 327214 1
174.75 0.25 1 2 1 2 1 4 4096 13.3561 325689 1
175 0.25 1 2 1 2 1 4 4096 13.4308 324184 1
175.25 0.25 1 2 1 2 1 4 4096 13.5057 322690 1
175.5 0.25 1 2 1 2 1 4 4096 13.5813 321196 1
175.75 0.25 1 2 1 2 1 4 4096 13.657 319715 1
176 0.25 1 2 1 2 1 4 4096 13.7319 318269 1
176.25 0.25 1 2 1 2 1 4 4096 13.8066 316843 1
176.5 0.25 1 2 1 2 1 4 4096 13.8815 315430 1
176.75 0.25 1 2 1 2 1 4 4096 13.9575 314004 1
177 0.25 1 2 1 2 1 4 4096 14.0328 312611 1
177.25 0.25 1 2 1 2 1 4 4096 14.108 311237 1
177.5 0.25 1 2 1 2 1 4 4096 14.1828 309883 1
177.75 0.25 1 2 1 2 1 4 4096 14.2577 308543 1
178 0.25 1 2 1 2 1 4 4096 14.3328 307212 1
178.25 0.25 1 2 1 2 1 4 4096 14.4079 305895 1
178.5 0.25 1 2 1 2 1 4 4096 14.4831 304589 1
178.75 0.25 1 2 1 2 1 4 4096 14.5582 303299 1
179 0.25 1 2 1 2 1 4 4096 14.6332 302023 1
179.25 0.25 1 2 1 2 1 4 4096 14.7085 300757 1
179.5 0.25 1 2 1 2 1 4 4096 14.7833 299511 1
179.75 0.25 1 2 1 2 1 4 4096 14.8582 298279 1
180 0.25 1 2 1 2 1 4 4096 14.9335 297047 1
180.25 0.25 1 2 1 2 1 4 4096 15.0092 295823 1
180.5 0.25 1 2 1 2 1 4 4096 15.0848 294612 1
180.75 0.25 1 2 1 2 1 4 4096 15.1596 293428 1
181 0.25 1 2 1 2 1 4 4096 15.2344 292256 1
181.25 0.25 1 2 1 2 1 4 4096 15.3092 291095 1
181.5 0.25 1 2 1 2 1 4 4096 15.3841 289945 1
181.75 0.25 1 2 1 2 1 4 4096 15.4593 288799 1
182 0.25 1 2 1 2 1 4 4096 15.5341 287672 1
182.25 0.25 1 2 1 2 1 4 4096 15.6088 286558 1
182.5 0.25 1 2 1 2 1 4 4096 15.6837 285452 1
182.75 0.25 1 2 1 2 1 4 4096 15.7584 284358 1
183 0.25 1 2 1 2 1 4 4096 15.8332 283272 1
183.25 0.25 1 2 1 2 1 4 4096 15.908 282199 1
183.5 0.25 1 2 1 2 1 4 4096 15.9845 281104 1
183.75 0.25 1 2 1 2 1 4 4096 16.0602 280035 1
184 0.25 1 2 1 2 1 4 4096 16.1355 278981 1
184.25 0.25 1 2 1 2 1 4 4096 16.2111 277934 1
184.5 0.25 1 2 1 2 1 4 4096 16.2863 276902 1
184.75 0.25 1 2 1 2 1 4 4096 16.3613 275882 1
185 0.25 1 2 1 2 1 4 4096 16.4363 274873 1
185.25 0.25 1 2 1 2 1 4 4096 16.5112 273874 1
185.5 0.25 1 2 1 2 1 4 4096 16.5862 272883 1
185.75 0.25 1 2 1 2 1 4 4096 16.6611 271902 1
186 0.25 1 2 1 2 1 4 4096 16.7359 270930 1
186.25 0.25 1 2 1 2 1 4 4096 16.8107 269969 1
186.5 0.25 1 2 1 2 1 4 4096 16.8855 269015 1
186.75 0.25 1 2 1 2 1 4 4096 16.9619 268046 1
187 0.25 1 2 1 2 1 4 4096 17.0384 267083 1
187.25 0.25 1 2 1 2 1 4 4096 17.1135 266149 1
187.5 0.25 1 2 1 2 1 4 4096 17.1886 265226 1
187.75 0.25 1 2 1 2 1 4 4096 17.2633 264315 1
188 0.25 1 2 1 2 1 4 4096 17.3381 263410 1
188.25 0.25 1 2 1 2 1 4 4096 17.4129 262514 1
188.5 0.25 1 2 1 2 1 4 4096 17.4881 261620 1
188.75 0.25 1 2 1 2 1 4 4096 17.5631 260736 1
189 0.25 1 2 1 2 1 4 4096 17.6397 259835 1
189.25 0.25 1 2 1 2 1 4 4096 17.7158 258951 1
189.5 0.25 1 2 1 2 1 4 4096 17.791 258086 1
189.75 0.25 1 2 1 2 1 4 4096 17.866 257232 1
190 0.25 1 2 1 2 1 4 4096 17.9419 256373 1
190.25 0.25 1 2 1 2 1 4 4096 18.0173 255527 1
190.5 0.25 1 2 1 2 1 4 4096 18.0925 254692 1
190.75 0.25 1 2 1 2 1 4 4096 18.1683 253855 1
191 0.25 1 2 1 2 1 4 4096 18.2435 253033 1
191.25 0.25 1 2 1 2 1 4 4096 18.3184 252222 1
191.5 0.25 1 2 1 2 1 4 4096 18.3932 251419 1
191.75 0.25 1 2 1 2 1 4 4096 18.4681 250621 1
192 0.25 1 2 1 2 1 4 4096 18.5428 249832 1
192.25 0.25 1 2 1 2 1 4 4096 18.6178 249045 1
192.5 0.25 1 2 1 2 1 4 4096 18.6933 248259 1
192.75 0.25 1 2 1 2 1 4 4096 18.7681 247487 1
193 0.25 1 2 1 2 1 4 4096 18.843 246721 1
193.25 0.25 1 2 1 2 1 4 4096 18.9178 245961 1
193.5 0.25 1 2 1 2 1 4 4096 18.9941 245189 1
193.75 0.25 1 2 1 2 1 4 4096 19.0702 244425 1
194 0.25 1 2 1 2 1 4 4096 19.1455 243678 1
194.25 0.25 1 2 1 2 1 4 4096 19.2208 242936 1
194.5 0.25 1 2 1 2 1 4 4096 19.2958 242205 1
194.75 0.25 1 2 1 2 1 4 4096 19.3707 241480 1
195 0.25 1 2 1 2 1 4 4096 19.4477 240734 1
195.25 0.25 1 2 1 2 1 4 4096 19.5226 240020 1
195.5 0.25 1 2 1 2 1 4 4096 19.5973 239315 1
195.75 0.25 1 2 1 2 1 4 4096 19.675 238577 1
196 0.25 1 2 1 2 1 4 4096 19.7506 237872 1
196.25 0.25 1 2 1 2 1 4 4096 19.826 237174 1
196.5 0.25 1 2 1 2 1 4 4096 19.9012 236484 1
196.75 0.25 1 2 1 2 1 4 4096 19.9781 235778 1
197 0.25 1 2 1 2 1 4 4096 20.0534 235098 1
197.25 0.25 1 2 1 2 1 4 4096 20.1287 234422 1
197.5 0.25 1 2 1 2 1 4 4096 20.2044 233746 1
197.75 0.25 1 2 1 2 1 4 4096 20.2792 233085 1
198 0.25 1 2 1 2 1 4 4096 20.354 232430 1
198.25 0.25 1 2 1 2 1 4 4096 20.4288 231780 1
198.5 0.25 1 2 1 2 1 4 4096 20.5036 231134 1
198.75 0.25 1 2 1 2 1 4 4096 20.5784 230492 1
199 0.25 1 2 1 2 1 4 4096 20.6543 229844 1
199.25 0.25 1 2 1 2 1 4 4096 20.7292 229211 1
199.5 0.25 1 2 1 2 1 4 4096 20.8039 228585 1
199.75 0.25 1 2 1 2 1 4 4096 20.8787 227962 1
200 0.25 1 2 1 2 1 4 4096 20.9549 227329 1
200.25 0.25 1 2 1 2 1 4 4096 21.0311 226699 1
200.5 0.25 1 2 1 2 1 4 4096 21.1066 226083 1
200.75 0.25 1 2 1 2 1 4 4096 21.1823 225468 1
201 0.25 1 2 1 2 1 4 4096 21.2574 224864 1
201.25 0.25 1 2 1 2 1 4 4096 21.3323 224267 1
201.5 0.25 1 2 1 2 1 4 4096 21.407 223676 1
201.75 0.25 1 2 1 2 1 4 4096 21.4817 223088 1
202 0.25 1 2 1 2 1 4 4096 21.5565 222505 1
202.25 0.25 1 2 1 2 1 4 4096 21.6313 221924 1
202.5 0.25 1 2 1 2 1 4 4096 21.7063 221346 1
202.75 0.25 1 2 1 2 1 4 4096 21.7811 220774 1
203 0.25 1 2 1 2 1 4 4096 21.856 220205 1
203.25 0.25 1 2 1 2 1 4 4096 21.931 219638 1
203.5 0.25 1 2 1 2 1 4 4096 22.0067 219070 1
203.75 0.25 1 2 1 2 1 4 4096 22.0819 218509 1
204 0.25 1 2 1 2 1 4 4096 22.1567 217956 1
204.25 0.25 1 2 1 2 1 4 4096 22.2316 217406 1
204.5 0.25 1 2 1 2 1 4 4096 22.3064 216860 1
204.75 0.25 1 2 1 2 1 4 4096 22.3813 216318 1
205 0.25 1 2 1 2 1 4 4096 22.4577 215764 1
205.25 0.25 1 2 1 2 1 4 4096 22.5325 215230 1
205.5 0.25 1 2 1 2 1 4 4096 22.6072 214699 1
205.75 0.25 1 2 1 2 1 4 4096 22.6821 214172 1
206 0.25 1 2 1 2 1 4 4096 22.757 213647 1
206.25 0.25 1 2 1 2 1 4 4096 22.8324 213120 1
206.5 0.25 1 2 1 2 1 4 4096 22.9072 212604 1
206.75 0.25 1 2 1 2 1 4 4096 22.9833 212078 1
207 0.25 1 2 1 2 1 4 4096 23.0586 211562 1
207.25 0.25 1 2 1 2 1 4 4096 23.1341 211049 1
207.5 0.25 1 2 1 2 1 4 4096 23.2093 210542 1
207.75 0.25 1 2 1 2 1 4 4096 23.2843 210039 1
208 0.25 1 2 1 2 1 4 4096 23.3592 209542 1
208.25 0.25 1 2 1 2 1 4 4096 23.434 209047 1
208.5 0.25 1 2 1 2 1 4 4096 23.5088 208556 1
208.75 0.25 1 2 1 2 1 4 4096 23.5854 208053 1
209 0.25 1 2 1 2 1 4 4096 23.6617 207555 1
209.25 0.25 1 2 1 2 1 4 4096 23.7371 207068 1
209.5 0.25 1 2 1 2 1 4 4096 23.8122 206587 1
209.75 0.25 1 2 1 2 1 4 4096 23.8873 206109 1
210 0.25 1 2 1 2 1 4 4096 23.9638 205622 1
210.25 0.25 1 2 1 2 1 4 4096 24.0394 205146 1
210.5 0.25 1 2 1 2 1 4 4096 24.1149 204674 1
210.75 0.25 1 2 1 2 1 4 4096 24.1907 204201 1
211 0.25 1 2 1 2 1 4 4096 24.2658 203738 1
211.25 0.25 1 2 1 2 1 4 4096 24.3407 203280 1
211.5 0.25 1 2 1 2 1 4 4096 24.4154 202826 1
211.75 0.25 1 2 1 2 1 4 4096 24.4901 202374 1
212 0.25 1 2 1 2 1 4 4096 24.5648 201926 1
212.25 0.25 1 2 1 2 1 4 4096 24.6396 201479 1
212.5 0.25 1 2 1 2 1 4 4096 24.7144 201034 1
212.75 0.25 1 2 1 2 1 4 4096 24.7891 200594 1
213 0.25 1 2 1 2 1 4 4096 24.8639 200155 1
213.25 0.25 1 2 1 2 1 4 4096 24.9394 199714 1
213.5 0.25 1 2 1 2 1 4 4096 25.0151 199273 1
213.75 0.25 1 2 1 2 1 4 4096 25.0906 198837 1
214 0.25 1 2 1 2 1 4 4096 25.1655 198408 1
214.25 0.25 1 2 1 2 1 4 4096 25.2405 197980 1
214.5 0.25 1 2 1 2 1 4 4096 25.3152 197557 1
214.75 0.25 1 2 1 2 1 4 4096 25.3899 197138 1
215 0.25 1 2 1 2 1 4 4096 25.4651 196717 1
215.25 0.25 1 2 1 2 1 4 4096 25.5399 196301 1
215.5 0.25 1 2 1 2 1 4 4096 25.6165 195874 1
215.75 0.25 1 2 1 2 1 4 4096 25.692 195458 1
216 0.25 1 2 1 2 1 4 4096 25.7672 195046 1
216.25 0.25 1 2 1 2 1 4 4096 25.8425 194636 1
216.5 0.25 1 2 1 2 1 4 4096 25.9176 194230 1
216.75 0.25 1 2 1 2 1 4 4096 25.994 193817 1
217 0.25 1 2 1 2 1 4 4096 26.0693 193415 1
217.25 0.25 1 2 1 2 1 4 4096 26.1442 193017 1
217.5 0.25 1 2 1 2 1 4 4096 26.2192 192621 1
217.75 0.25 1 2 1 2 1 4 4096 26.294 192229 1
218 0.25 1 2 1 2 1 4 4096 26.3688 191839 1
218.25 0.25 1 2 1 2 1 4 4096 26.4436 191451 1
218.5 0.25 1 2 1 2 1 4 4096 26.5183 191066 1
218.75 0.25 1 2 1 2 1 4 4096 26.593 190684 1
219 0.25 1 2 1 2 1 4 4096 26.6687 190296 1
219.25 0.25 1 2 1 2 1 4 4096 26.7436 189916 1
219.5 0.25 1 2 1 2 1 4 4096 26.8184 189539 1
219.75 0.25 1 2 1 2 1 4 4096 26.893 189165 1
220 0.25 1 2 1 2 1 4 4096 26.9694 188782 1
220.25 0.25 1 2 1 2 1 4 4096 27.0454 188402 1
220.5 0.25 1 2 1 2 1 4 4096 27.1208 188030 1
220.75 0.25 1 2 1 2 1 4 4096 27.196 187660 1
221 0.25 1 2 1 2 1 4 4096 27.2709 187295 1
221.25 0.25 1 2 1 2 1 4 4096 27.346 186931 1
221.5 0.25 1 2 1 2 1 4 4096 27.421 186569 1
221.75 0.25 1 2 1 2 1 4 4096 27.4961 186208 1
222 0.25 1 2 1 2 1 4 4096 27.5713 185849 1
222.25 0.25 1 2 1 2 1 4 4096 27.6463 185493 1
222.5 0.25 1 2 1 2 1 4 4096 27.7212 185140 1
222.75 0.25 1 2 1 2 1 4 4096 27.796 184789 1
223 0.25 1 2 1 2 1 4 4096 27.871 184438 1
223.25 0.25 1 2 1 2 1 4 4096 27.9467 184085 1
223.5 0.25 1 2 1 2 1 4 4096 28.022 183737 1
223.75 0.25 1 2 1 2 1 4 4096 28.0971 183392 1
224 0.25 1 2 1 2 1 4 4096 28.1719 183050 1
224.25 0.25 1 2 1 2 1 4 4096 28.2467 182710 1
224.5 0.25 1 2 1 2 1 4 4096 28.3216 182372 1
224.75 0.25 1 2 1 2 1 4 4096 28.3962 182036 1
225 0.25 1 2 1 2 1 4 4096 28.471 181702 1
229.602 4.60222 3 2 7 2 1 4 4096 28.5469 181363 1
234.233 4.63118 1 2 3 2 1 4 4096 28.5492 181491 1
238.936 4.70259 1 2 3 2 1 4 4096 28.5515 181620 1
243.753 4.81654 1 2 3 2 1 4 4096 28.5538 181749 1
248.726 4.97347 1 2 3 2 1 4 4096 28.5561 181878 1
253.9 5.1741 1 2 3 2 1 4 4096 28.5584 182007 1
259.32 5.41944 1 2 3 2 1 4 4096 28.5607 182136 1
265.031 5.71103 1 2 3 2 1 4 4096 28.563 182265 1
271.083 6.05233 1 2 3 2 1 4 4096 28.5652 182393 1
277.531 6.44788 1 2 3 2 1 4 4096 28.5675 182522 1
284.434 6.90351 1 2 3 2 1 4 4096 28.5698 182651 1
291.86 7.42585 1 2 3 2 1 4 4096 28.5721 182780 1
299.882 8.02138 1 2 3 2 1 4 4096 28.5744 182908 1
308.583 8.70143 1 2 3 2 1 4 4096 28.5767 183037 1
